-0.408 -3.145 4.081 643738.387
-0.108 -2.829 3.839 643738.398
0.245 -2.500 3.561 643738.410
0.410 -2.571 3.187 643738.421
0.720 -2.580 2.806 643738.432
1.176 -2.136 2.240 643738.443
1.296 -2.150 1.873 643738.454
1.352 -2.118 1.497 643738.466
1.270 -2.050 1.153 643738.477
1.088 -2.001 0.867 643738.488
1.009 -1.883 0.827 643738.499
1.126 -1.817 0.793 643738.510
1.448 -1.712 0.678 643738.522
1.574 -1.684 0.580 643738.533
1.316 -1.393 0.509 643738.544
1.164 -1.142 0.367 643738.555
1.201 -1.107 0.012 643738.566
1.470 -0.915 -0.543 643738.577
2.014 -0.807 -1.258 643738.589
2.396 -0.729 -2.145 643738.600
2.720 -0.521 -2.924 643738.611
3.390 -0.378 -3.544 643738.622
1.439 -0.480 -1.939 643738.633
1.785 -0.395 -2.935 643738.645
2.096 -0.256 -3.752 643738.656
2.341 -0.074 -4.313 643738.667
2.484 0.042 -4.628 643738.678
2.521 -0.105 -5.196 643738.689
1.745 -0.028 -5.453 643738.701
0.791 0.092 -5.983 643738.712
0.579 0.131 -6.207 643738.723
0.392 0.265 -6.412 643738.734
0.248 0.369 -6.573 643738.745
0.153 0.372 -6.919 643738.756
0.461 0.543 -7.232 643738.768
0.910 0.579 -7.574 643738.779
1.256 0.700 -8.008 643738.790
2.280 0.874 -8.983 643738.801
2.295 0.794 -9.510 643738.812
2.096 0.877 -9.889 643738.824
1.936 1.190 -9.873 643738.835
2.383 1.419 -9.546 643738.846
3.118 1.619 -9.271 643738.857
3.836 1.762 -9.071 643738.868
4.408 1.953 -8.957 643738.880
5.347 2.387 -8.343 643738.891
5.611 2.431 -7.959 643738.902
5.824 2.476 -7.528 643738.913
5.896 2.607 -6.941 643738.924
6.056 2.627 -6.419 643738.935
6.145 2.623 -6.093 643738.947
6.093 2.744 -5.936 643738.958
6.195 2.684 -5.628 643738.969
6.215 2.612 -4.920 643738.980
6.065 2.627 -4.688 643738.991
5.988 2.693 -4.457 643739.003
5.926 2.708 -4.216 643739.014
5.711 2.727 -4.004 643739.025
5.463 2.786 -3.916 643739.036
5.276 2.793 -3.742 643739.047
5.218 2.833 -3.654 643739.058
5.253 2.889 -3.665 643739.070
5.521 2.811 -3.478 643739.081
5.882 2.662 -3.247 643739.092
6.150 2.607 -3.163 643739.103
6.526 2.546 -3.248 643739.114
6.898 2.572 -3.673 643739.126
7.058 2.534 -4.157 643739.137
7.091 2.685 -4.724 643739.148
6.669 2.817 -4.845 643739.159
6.541 2.669 -4.729 643739.170
6.228 2.602 -4.814 643739.182
5.934 2.501 -5.153 643739.193
5.786 2.365 -5.725 643739.204
5.956 2.204 -6.314 643739.215
6.374 2.000 -6.778 643739.226
6.797 1.772 -7.105 643739.238
6.462 1.436 -7.435 643739.249
6.061 1.340 -7.453 643739.260
5.505 1.037 -7.149 643739.271
4.897 0.856 -6.772 643739.282
4.115 0.756 -6.343 643739.293
3.840 0.457 -5.750 643739.305
3.887 0.137 -5.357 643739.316
4.206 -0.107 -5.162 643739.327
4.306 -0.070 -5.585 643739.338
4.045 -0.112 -5.502 643739.349
3.732 -0.331 -5.243 643739.361
3.438 -0.485 -5.129 643739.372
3.431 -0.860 -5.045 643739.383
3.428 -1.376 -5.049 643739.394
3.097 -1.626 -5.136 643739.405
2.413 -1.681 -4.874 643739.417
0.759 -1.749 -3.501 643739.428
0.122 -1.702 -2.615 643739.439
-0.082 -1.704 -1.839 643739.450
0.517 -1.796 -1.295 643739.461
1.386 -1.921 -0.941 643739.472
1.737 -1.838 -0.940 643739.484
0.606 -1.667 -0.443 643739.495
0.275 -1.756 -0.007 643739.506
0.300 -1.950 0.490 643739.517
0.266 -2.083 0.823 643739.528
0.276 -2.196 1.334 643739.540
0.538 -2.451 1.419 643739.551
0.406 -2.613 1.135 643739.562
-0.137 -2.654 0.735 643739.573
-0.632 -2.625 0.600 643739.584
-0.955 -2.496 0.764 643739.595
-1.144 -2.504 1.231 643739.607
-1.070 -2.353 1.875 643739.618
-0.525 -2.241 2.951 643739.629
-0.262 -2.178 3.049 643739.640
-0.069 -2.186 2.944 643739.651
0.062 -2.135 2.687 643739.663
0.280 -1.959 2.514 643739.674
0.551 -1.819 2.309 643739.685
0.776 -1.670 1.977 643739.696
0.961 -1.585 1.641 643739.707
1.189 -1.498 0.809 643739.719
1.128 -1.414 0.484 643739.730
0.982 -1.276 0.321 643739.741
0.974 -1.180 0.040 643739.752
1.314 -0.988 -0.326 643739.763
1.792 -0.941 -0.871 643739.774
2.419 -1.134 -1.393 643739.786
2.878 -1.351 -1.873 643739.797
3.341 -1.076 -2.968 643739.808
3.388 -0.773 -3.520 643739.819
3.622 -0.687 -4.253 643739.830
4.106 -0.791 -5.271 643739.842
4.339 -0.803 -6.309 643739.853
4.168 -0.244 -7.241 643739.864
3.933 0.302 -7.889 643739.875
3.697 0.710 -8.046 643739.886
4.027 0.735 -7.206 643739.898
4.858 0.181 -6.399 643739.909
5.393 -0.158 -5.741 643739.920
5.272 -0.001 -5.623 643739.931
5.102 0.245 -5.746 643739.942
5.072 0.329 -5.828 643739.953
4.976 0.418 -6.007 643739.965
4.877 0.553 -6.123 643739.976
4.218 0.535 -6.375 643739.987
3.965 0.490 -6.546 643739.998
4.153 0.427 -6.710 643740.009
4.326 0.473 -6.819 643740.021
4.535 0.571 -6.995 643740.032
4.566 0.756 -7.202 643740.043
4.665 0.834 -7.205 643740.054
4.462 0.880 -7.120 643740.065
4.026 1.110 -6.613 643740.077
3.896 1.217 -6.281 643740.088
3.732 1.331 -5.979 643740.099
3.696 1.603 -5.635 643740.110
4.052 1.676 -5.322 643740.121
4.341 1.734 -5.215 643740.132
4.704 1.759 -5.184 643740.144
5.122 1.882 -5.029 643740.155
5.838 1.618 -4.671 643740.166
5.915 1.535 -4.437 643740.177
5.979 1.479 -4.100 643740.188
5.891 1.469 -3.786 643740.200
5.733 1.527 -3.466 643740.211
5.517 1.605 -3.273 643740.222
5.335 1.683 -3.254 643740.233
5.187 1.811 -3.258 643740.244
5.176 1.897 -2.868 643740.256
5.213 1.957 -2.752 643740.267
5.257 1.965 -2.605 643740.278
5.289 1.923 -2.509 643740.289
5.314 1.842 -2.334 643740.300
5.198 1.751 -2.023 643740.311
5.072 1.773 -1.914 643740.323
4.829 1.839 -1.930 643740.334
4.695 1.850 -2.037 643740.345
4.266 2.073 -2.381 643740.356
4.196 2.007 -2.511 643740.367
4.338 1.981 -2.833 643740.379
4.723 1.831 -3.409 643740.390
5.083 1.741 -4.053 643740.401
5.417 1.542 -4.386 643740.412
5.648 1.468 -4.544 643740.423
5.667 1.479 -4.605 643740.435
5.222 1.280 -5.318 643740.446
5.255 1.159 -5.674 643740.457
5.410 0.980 -6.059 643740.468
5.392 0.874 -6.505 643740.479
5.056 0.775 -7.062 643740.490
4.715 0.687 -7.686 643740.502
4.618 0.490 -8.232 643740.513
4.896 0.625 -8.607 643740.524
4.487 0.487 -9.097 643740.535
4.475 0.255 -9.075 643740.546
4.456 -0.091 -8.605 643740.558
4.340 -0.110 -7.738 643740.569
4.138 -0.037 -7.052 643740.580
4.094 0.158 -6.556 643740.591
4.123 0.228 -6.189 643740.602
4.374 -0.025 -5.812 643740.614
4.894 -0.328 -5.340 643740.625
4.602 -0.380 -5.245 643740.636
3.954 -0.351 -5.149 643740.647
3.500 -0.292 -4.620 643740.658
3.063 -0.270 -3.821 643740.669
2.947 -0.481 -3.035 643740.681
2.731 -0.768 -2.407 643740.692
2.528 -0.791 -2.074 643740.703
2.516 -0.830 -1.991 643740.714
2.579 -0.660 -1.942 643740.725
2.765 -0.591 -1.722 643740.737
2.862 -0.805 -1.360 643740.748
2.840 -1.086 -1.311 643740.759
2.669 -1.284 -1.465 643740.770
2.511 -1.382 -1.461 643740.781
2.147 -1.423 -1.339 643740.793
2.897 -1.459 -1.394 643740.804
2.280 -1.516 -1.341 643740.815
1.780 -1.504 -1.069 643740.826
1.528 -1.488 -0.626 643740.837
1.766 -1.805 0.077 643740.848
2.019 -2.146 0.724 643740.860
1.910 -2.157 1.263 643740.871
1.807 -2.089 1.636 643740.882
1.760 -2.129 1.773 643740.893
1.318 -2.081 1.975 643740.904
1.280 -2.142 2.026 643740.916
1.129 -2.145 1.994 643740.927
1.123 -2.080 1.778 643740.938
1.255 -1.999 1.797 643740.949
1.347 -1.985 1.928 643740.960
1.319 -2.040 2.143 643740.972
1.105 -2.039 2.383 643740.983
0.835 -2.135 2.446 643740.994
0.829 -2.301 2.019 643741.005
1.209 -2.437 1.545 643741.016
1.566 -2.532 1.030 643741.027
1.826 -2.666 0.591 643741.039
1.882 -2.781 0.263 643741.050
1.658 -2.811 -0.072 643741.061
1.284 -2.745 -0.199 643741.072
1.006 -2.528 -0.136 643741.083
0.676 -2.262 -0.367 643741.095
0.734 -2.050 -0.608 643741.106
1.062 -1.952 -0.831 643741.117
1.526 -1.818 -0.904 643741.128
1.954 -1.727 -0.940 643741.139
2.354 -1.566 -1.063 643741.151
2.716 -1.431 -1.119 643741.162
2.831 -1.263 -1.218 643741.173
3.445 -0.975 -1.704 643741.184
3.702 -0.887 -2.156 643741.195
3.815 -0.806 -2.387 643741.206
3.871 -0.712 -2.623 643741.218
3.864 -0.827 -2.763 643741.229
3.595 -0.887 -2.820 643741.240
3.275 -0.733 -2.762 643741.251
3.077 -0.655 -2.719 643741.262
2.772 -0.689 -2.674 643741.274
2.661 -0.509 -2.564 643741.285
2.700 -0.335 -2.522 643741.296
2.656 -0.187 -2.688 643741.307
2.638 -0.100 -3.011 643741.318
2.498 -0.030 -3.439 643741.330
2.407 -0.065 -3.821 643741.341
2.151 0.066 -4.057 643741.352
2.166 0.230 -4.418 643741.363
2.298 0.379 -4.616 643741.374
2.481 0.476 -4.802 643741.385
2.592 0.642 -4.894 643741.397
2.788 0.709 -4.971 643741.408
2.799 0.666 -5.139 643741.419
2.748 0.670 -5.310 643741.430
2.761 0.787 -5.358 643741.441
2.658 0.892 -5.878 643741.453
2.766 1.101 -6.075 643741.464
3.100 1.303 -6.177 643741.475
3.620 1.488 -6.196 643741.486
4.452 1.650 -6.115 643741.497
5.156 1.730 -6.140 643741.509
5.419 1.804 -6.222 643741.520
5.477 1.912 -6.225 643741.531
5.115 1.876 -5.713 643741.542
4.861 1.840 -5.586 643741.553
4.822 1.928 -5.302 643741.564
5.027 2.074 -5.068 643741.576
5.517 2.110 -4.836 643741.587
5.976 1.978 -4.711 643741.598
6.289 1.911 -4.742 643741.609
6.449 1.925 -4.873 643741.620
6.483 1.881 -4.864 643741.632
6.055 1.898 -4.957 643741.643
5.442 1.941 -5.128 643741.654
4.845 1.900 -5.212 643741.665
4.482 1.748 -5.049 643741.676
4.323 1.437 -4.953 643741.688
4.360 1.172 -4.912 643741.699
4.563 1.158 -4.997 643741.710
5.048 1.294 -5.151 643741.721
5.369 1.297 -5.254 643741.732
5.436 1.204 -5.313 643741.743
5.224 1.167 -5.055 643741.755
4.968 1.141 -4.603 643741.766
4.518 1.075 -4.361 643741.777
4.153 1.068 -4.153 643741.788
3.908 1.120 -4.023 643741.799
4.353 0.962 -3.894 643741.811
4.905 0.826 -3.829 643741.822
5.314 0.826 -3.633 643741.833
5.461 0.790 -3.451 643741.844
5.415 0.767 -3.269 643741.855
5.150 0.735 -3.034 643741.867
4.774 0.748 -2.820 643741.878
4.418 0.821 -2.763 643741.889
3.903 0.745 -2.979 643741.900
3.982 0.664 -3.134 643741.911
4.281 0.552 -3.252 643741.922
4.637 0.440 -3.403 643741.934
4.792 0.330 -3.322 643741.945
4.826 0.318 -2.913 643741.956
4.759 0.374 -2.357 643741.967
4.602 0.441 -2.027 643741.978
4.460 0.588 -1.144 643741.990
4.705 0.440 -0.951 643742.001
4.667 0.384 -0.820 643742.012
4.499 0.393 -0.541 643742.023
4.277 0.307 -0.235 643742.034
3.912 0.255 -0.050 643742.045
3.738 0.224 0.191 643742.057
3.515 0.083 0.318 643742.068
3.368 -0.123 0.031 643742.079
3.603 -0.089 -0.134 643742.090
3.695 -0.090 -0.213 643742.101
3.726 -0.030 -0.167 643742.113
4.016 -0.098 0.062 643742.124
4.062 -0.328 0.303 643742.135
3.858 -0.426 0.347 643742.146
3.768 -0.531 0.277 643742.157
3.591 -0.636 -0.515 643742.169
3.663 -0.661 -0.702 643742.180
3.655 -0.758 -1.008 643742.191
3.344 -0.830 -1.038 643742.202
3.042 -0.783 -0.667 643742.213
2.694 -0.666 -0.145 643742.225
2.461 -0.697 0.243 643742.236
2.092 -0.880 0.253 643742.247
1.551 -1.227 -0.820 643742.258
1.302 -1.289 -1.450 643742.269
1.192 -1.256 -1.930 643742.280
1.189 -1.303 -2.451 643742.292
1.361 -1.223 -2.624 643742.303
1.661 -1.169 -2.485 643742.314
1.953 -1.116 -2.050 643742.325
2.187 -1.227 -1.665 643742.336
2.210 -1.188 -1.875 643742.348
2.417 -0.957 -3.224 643742.359
2.670 -0.881 -3.666 643742.370
2.746 -0.738 -3.951 643742.381
2.790 -0.507 -3.805 643742.392
2.850 -0.463 -3.352 643742.404
2.959 -0.478 -2.811 643742.415
3.178 -0.459 -2.575 643742.426
3.417 -0.324 -2.814 643742.437
4.309 -0.031 -3.723 643742.448
4.581 0.224 -3.994 643742.459
4.832 0.375 -3.987 643742.471
4.981 0.375 -3.840 643742.482
4.971 0.297 -3.634 643742.493
5.031 0.308 -3.572 643742.504
5.266 0.316 -3.708 643742.515
5.493 0.328 -3.980 643742.527
6.221 0.516 -4.429 643742.538
6.254 0.598 -4.314 643742.549
6.300 0.586 -4.157 643742.560
6.194 0.546 -3.888 643742.571
5.940 0.516 -3.649 643742.582
5.622 0.506 -3.636 643742.594
5.174 0.450 -3.686 643742.605
4.826 0.217 -3.757 643742.616
4.213 0.312 -3.494 643742.627
4.158 0.483 -3.214 643742.638
4.346 0.475 -3.027 643742.650
4.530 0.503 -2.865 643742.661
4.690 0.520 -2.818 643742.672
4.766 0.622 -2.635 643742.683
4.684 0.628 -2.537 643742.694
4.450 0.747 -2.383 643742.706
4.244 0.604 -2.083 643742.717
4.141 0.574 -1.966 643742.728
4.029 0.685 -1.715 643742.739
4.017 0.785 -1.485 643742.750
4.082 0.839 -1.242 643742.761
4.166 0.958 -1.061 643742.773
4.210 1.011 -0.881 643742.784
4.243 1.074 -0.782 643742.795
4.170 0.978 -0.492 643742.806
4.212 0.898 -0.515 643742.817
4.292 0.872 -0.887 643742.829
4.445 0.822 -1.424 643742.840
4.784 0.824 -1.918 643742.851
5.232 0.992 -2.482 643742.862
5.811 0.889 -3.179 643742.873
6.179 0.645 -3.835 643742.885
5.521 0.530 -3.992 643742.896
4.934 0.397 -4.135 643742.907
4.679 0.434 -4.273 643742.918
4.695 0.340 -4.275 643742.929
4.740 0.227 -4.034 643742.941
4.828 0.169 -3.681 643742.952
5.043 0.167 -3.689 643742.963
5.058 0.024 -3.980 643742.974
5.141 -0.138 -5.098 643742.985
4.942 0.003 -5.506 643742.996
4.646 0.034 -5.561 643743.008
4.320 -0.140 -5.480 643743.019
4.194 -0.041 -4.998 643743.030
4.237 0.031 -4.436 643743.041
4.359 -0.049 -4.077 643743.052
4.428 -0.037 -4.009 643743.064
4.539 0.135 -3.983 643743.075
4.563 0.214 -4.050 643743.086
4.513 0.180 -4.038 643743.097
4.503 0.191 -3.911 643743.108
4.513 0.240 -3.750 643743.119
4.615 0.196 -2.961 643743.131
4.519 0.166 -3.073 643743.142
4.488 0.128 -3.027 643743.153
4.428 0.099 -2.893 643743.164
4.316 0.021 -2.890 643743.175
4.203 -0.303 -3.092 643743.187
3.969 -0.413 -3.284 643743.198
3.751 -0.494 -3.325 643743.209
3.528 -0.630 -3.159 643743.220
3.232 -0.709 -2.840 643743.231
2.801 -0.774 -2.115 643743.243
2.593 -0.786 -1.566 643743.254
2.505 -0.878 -1.226 643743.265
2.580 -0.975 -1.345 643743.276
2.945 -1.095 -2.652 643743.287
3.381 -1.072 -3.106 643743.298
3.672 -1.032 -3.256 643743.310
3.618 -0.940 -3.309 643743.321
3.496 -0.874 -3.115 643743.332
3.384 -0.814 -2.663 643743.343
3.248 -0.952 -2.686 643743.354
3.521 -1.107 -2.444 643743.366
3.885 -1.198 -2.789 643743.377
3.878 -1.330 -3.177 643743.388
3.879 -1.359 -3.258 643743.399
3.824 -1.361 -3.247 643743.410
3.627 -1.364 -3.228 643743.422
3.369 -1.160 -3.046 643743.433
3.344 -1.273 -2.744 643743.444
3.239 -1.272 -2.485 643743.455
3.136 -1.268 -2.161 643743.466
2.928 -1.435 -1.780 643743.477
2.674 -1.383 -1.851 643743.489
2.646 -1.233 -1.870 643743.500
2.773 -1.053 -1.803 643743.511
3.029 -0.881 -1.719 643743.522
3.292 -0.783 -1.448 643743.533
3.571 -0.732 -1.142 643743.545
3.692 -0.655 -0.855 643743.556
4.057 -0.383 -0.245 643743.567
4.642 -0.095 -0.292 643743.578
4.918 -0.250 -0.599 643743.589
3.852 0.088 -0.987 643743.601
4.687 -0.279 -0.799 643743.612
5.119 0.042 -0.472 643743.623
5.044 0.282 -0.344 643743.634
5.009 0.295 -0.193 643743.645
5.098 0.101 -0.126 643743.656
4.928 0.037 0.117 643743.668
4.958 -0.063 0.314 643743.679
4.877 -0.242 0.433 643743.690
4.468 -0.508 0.469 643743.701
4.020 -0.693 0.470 643743.712
3.729 -0.863 0.227 643743.724
3.655 -1.040 -0.301 643743.735
3.192 -1.377 -1.759 643743.746
3.449 -1.474 -3.195 643743.757
3.153 -1.892 -3.785 643743.768
2.700 -1.691 -3.730 643743.780
2.623 -1.598 -3.554 643743.791
2.595 -1.764 -3.274 643743.802
2.591 -1.599 -3.030 643743.813
2.716 -1.467 -2.607 643743.824
3.120 -1.080 -2.398 643743.835
3.351 -0.948 -2.418 643743.847
3.405 -0.799 -2.376 643743.858
3.568 -0.574 -2.272 643743.869
3.703 -0.332 -2.142 643743.880
3.838 -0.034 -1.852 643743.891
4.182 0.200 -1.598 643743.903
4.438 0.306 -1.260 643743.914
4.658 0.193 -0.623 643743.925
4.537 0.233 -0.409 643743.936
4.486 0.286 -0.429 643743.947
4.451 0.285 -0.629 643743.959
4.475 0.257 -0.637 643743.970
4.561 0.210 -0.983 643743.981
4.565 0.190 -1.222 643743.992
4.578 0.178 -1.444 643744.003
4.508 0.003 -1.735 643744.014
4.131 -0.422 -2.862 643744.026
3.942 -0.468 -3.239 643744.037
3.804 -0.269 -3.284 643744.048
3.510 -0.108 -3.225 643744.059
3.379 -0.031 -3.113 643744.070
3.440 -0.012 -3.010 643744.082
3.477 -0.016 -2.975 643744.093
3.469 0.023 -3.008 643744.104
3.434 0.030 -3.141 643744.115
3.256 0.060 -3.799 643744.126
3.225 0.099 -4.005 643744.138
3.224 0.080 -4.063 643744.149
3.223 0.032 -4.105 643744.160
3.199 0.061 -4.055 643744.171
3.122 0.036 -3.995 643744.182
2.856 0.098 -4.001 643744.193
2.631 0.067 -4.172 643744.205
2.281 0.055 -4.664 643744.216
2.306 0.102 -4.787 643744.227
2.356 0.205 -4.820 643744.238
2.554 0.309 -4.823 643744.249
2.683 0.356 -4.843 643744.261
2.714 0.496 -4.833 643744.272
2.722 0.628 -4.754 643744.283
2.813 0.796 -4.717 643744.294
3.052 1.073 -5.018 643744.305
3.510 1.187 -5.135 643744.317
4.049 1.287 -5.245 643744.328
4.466 1.344 -5.359 643744.339
4.813 1.443 -5.381 643744.350
4.945 1.458 -5.336 643744.361
5.035 1.514 -5.159 643744.372
5.151 1.461 -4.799 643744.384
5.141 1.498 -4.323 643744.395
4.381 1.376 -4.059 643744.406
4.053 1.299 -4.287 643744.417
3.644 1.025 -4.408 643744.428
3.375 0.949 -4.501 643744.440
2.950 0.798 -4.526 643744.451
2.671 0.648 -4.581 643744.462
2.567 0.565 -4.820 643744.473
2.532 0.373 -5.160 643744.484
2.090 0.259 -5.771 643744.496
1.831 0.144 -6.028 643744.507
1.616 0.047 -6.235 643744.518
1.360 -0.020 -6.402 643744.529
1.278 -0.067 -6.501 643744.540
1.133 -0.106 -6.639 643744.551
1.112 -0.025 -6.760 643744.563
1.293 -0.013 -6.871 643744.574
1.775 0.155 -6.444 643744.585
2.184 0.266 -6.029 643744.596
2.587 0.433 -5.650 643744.607
2.930 0.514 -5.540 643744.619
3.136 0.603 -5.644 643744.630
3.167 0.746 -5.682 643744.641
3.136 0.804 -5.582 643744.652
3.182 0.805 -5.424 643744.663
3.242 0.844 -4.755 643744.675
3.257 0.861 -4.424 643744.686
3.241 0.802 -3.999 643744.697
3.214 0.782 -3.622 643744.708
3.207 0.770 -3.647 643744.719
3.362 0.628 -3.959 643744.730
3.262 0.560 -4.630 643744.742
3.211 0.571 -4.815 643744.753
3.103 0.702 -4.889 643744.764
3.225 0.844 -4.348 643744.775
3.356 0.710 -4.068 643744.786
3.390 0.674 -3.947 643744.798
3.539 0.704 -3.663 643744.809
3.711 0.639 -3.545 643744.820
3.697 0.543 -3.634 643744.831
3.674 0.513 -3.761 643744.842
3.746 0.519 -3.772 643744.854
3.714 0.455 -3.526 643744.865
3.966 0.366 -3.617 643744.876
4.182 0.253 -3.864 643744.887
4.180 0.144 -4.147 643744.898
4.095 0.105 -4.426 643744.909
3.982 0.090 -4.598 643744.921
3.860 -0.003 -4.673 643744.932
3.818 -0.097 -4.527 643744.943
3.766 -0.165 -4.216 643744.954
3.630 -0.217 -4.080 643744.965
3.664 -0.263 -4.062 643744.977
3.679 -0.274 -4.129 643744.988
3.725 -0.316 -4.183 643744.999
3.764 -0.268 -4.251 643745.010
3.798 -0.438 -4.240 643745.021
3.826 -0.648 -4.128 643745.033
3.761 -0.729 -3.744 643745.044
3.903 -0.841 -3.719 643745.055
3.972 -0.893 -3.793 643745.066
4.041 -0.807 -3.919 643745.077
4.106 -0.760 -3.750 643745.088
4.151 -0.834 -3.593 643745.100
4.168 -0.958 -3.432 643745.111
4.108 -1.025 -3.251 643745.122
4.235 -1.159 -2.981 643745.133
4.311 -1.176 -2.993 643745.144
4.426 -1.249 -2.993 643745.156
4.560 -1.265 -2.978 643745.167
4.713 -1.465 -3.133 643745.178
5.298 -1.293 -3.546 643745.189
4.626 -1.474 -3.697 643745.200
4.287 -1.425 -3.619 643745.212
4.297 -1.358 -2.624 643745.223
4.458 -1.585 -2.431 643745.234
4.787 -1.776 -2.323 643745.245
5.003 -1.823 -2.364 643745.256
4.922 -1.924 -2.608 643745.267
4.836 -1.972 -2.809 643745.279
4.748 -2.055 -2.655 643745.290
4.588 -2.153 -2.311 643745.301
4.264 -2.243 -1.819 643745.312
4.263 -2.151 -1.686 643745.323
4.422 -2.155 -1.792 643745.335
4.626 -2.146 -1.978 643745.346
4.696 -2.180 -2.060 643745.357
4.423 -2.245 -2.072 643745.368
3.634 -2.382 -1.576 643745.379
3.007 -2.509 -0.799 643745.391
2.695 -2.447 0.534 643745.402
2.860 -2.455 0.711 643745.413
2.802 -2.487 0.313 643745.424
2.286 -2.751 -0.179 643745.435
1.848 -3.011 -0.283 643745.446
1.565 -3.037 0.353 643745.458
1.534 -2.937 1.174 643745.469
1.598 -2.853 1.832 643745.480
1.516 -2.712 1.869 643745.491
1.212 -2.685 1.614 643745.502
0.901 -2.693 1.515 643745.514
0.789 -2.742 1.483 643745.525
0.878 -2.697 1.372 643745.536
1.165 -2.598 1.147 643745.547
1.512 -2.516 0.846 643745.558
1.769 -2.525 0.555 643745.570
2.346 -2.533 -0.135 643745.581
2.385 -2.429 -0.386 643745.592
2.446 -2.281 -0.739 643745.603
2.723 -2.045 -1.057 643745.614
3.012 -2.021 -1.248 643745.625
3.292 -1.928 -1.323 643745.637
3.612 -1.720 -1.412 643745.648
3.980 -1.574 -1.323 643745.659
4.518 -1.566 -1.225 643745.670
4.547 -1.493 -1.235 643745.681
4.552 -1.396 -1.262 643745.693
4.378 -1.378 -1.347 643745.704
4.344 -1.416 -1.399 643745.715
4.357 -1.292 -1.378 643745.726
4.366 -1.203 -1.277 643745.737
4.360 -0.987 -1.108 643745.749
4.384 -0.699 -0.812 643745.760
4.407 -0.595 -0.508 643745.771
4.661 -0.869 -0.216 643745.782
4.702 -0.576 -0.166 643745.793
4.752 -0.120 -0.208 643745.804
4.758 -0.596 -0.328 643745.816
4.617 -0.960 -0.654 643745.827
4.378 -1.112 -0.904 643745.838
4.101 -1.203 -0.886 643745.849
3.907 -1.199 -0.745 643745.860
3.782 -1.189 -1.028 643745.872
3.809 -1.088 -1.196 643745.883
3.862 -1.059 -1.465 643745.894
3.902 -0.991 -1.781 643745.905
3.981 -0.836 -2.040 643745.916
3.824 -0.661 -2.418 643745.928
3.793 -0.564 -2.654 643745.939
3.873 -0.608 -2.878 643745.950
4.268 -0.616 -2.991 643745.961
4.509 -0.602 -2.658 643745.972
4.593 -0.560 -2.534 643745.983
4.499 -0.472 -2.850 643745.995
4.805 -0.302 -2.977 643746.006
5.457 0.020 -2.995 643746.017
6.088 0.095 -2.872 643746.028
6.057 0.028 -3.092 643746.039
4.986 -0.081 -3.196 643746.051
4.765 -0.034 -3.045 643746.062
5.029 -0.005 -2.848 643746.073
5.870 -0.092 -2.455 643746.084
6.748 -0.533 -2.119 643746.095
6.768 -0.855 -2.254 643746.106
6.164 -0.983 -2.606 643746.118
5.394 -0.924 -3.194 643746.129
3.408 -0.206 -4.244 643746.140
3.656 -1.573 -4.029 643746.151
5.020 -3.038 -3.577 643746.162
6.921 -3.777 -2.705 643746.174
6.145 -3.111 -1.965 643746.185
4.541 -3.064 -2.029 643746.196
3.977 -3.256 -2.866 643746.207
3.727 -3.411 -3.641 643746.218
3.711 -5.617 -2.049 643746.230
3.426 -5.749 -2.170 643746.241
3.401 -5.769 -2.288 643746.252
3.303 -5.861 -2.804 643746.263
2.926 -5.971 -3.155 643746.274
2.560 -5.861 -3.208 643746.286
2.574 -5.689 -3.269 643746.297
2.446 -5.655 -3.390 643746.308
2.337 -5.543 -3.404 643746.319
1.890 -5.308 -3.110 643746.330
1.028 -4.932 -2.718 643746.341
0.989 -4.524 -2.650 643746.353
0.989 -4.156 -2.826 643746.364
1.070 -3.837 -2.925 643746.375
1.302 -3.540 -2.791 643746.386
1.744 -3.302 -2.570 643746.397
2.232 -3.168 -2.417 643746.409
2.617 -2.997 -2.235 643746.420
2.947 -2.776 -2.228 643746.431
2.970 -2.684 -2.300 643746.442
3.083 -2.580 -2.349 643746.453
3.084 -2.577 -2.545 643746.465
3.061 -2.524 -2.486 643746.476
3.035 -2.477 -2.366 643746.487
3.140 -2.520 -2.135 643746.498
3.198 -2.420 -2.006 643746.509
3.321 -2.260 -1.738 643746.520
3.844 -2.301 -2.119 643746.532
3.940 -2.227 -1.954 643746.543
4.093 -2.122 -1.624 643746.554
4.073 -1.975 -1.519 643746.565
4.161 -1.792 -1.707 643746.576
4.351 -1.668 -1.762 643746.588
4.558 -1.507 -1.804 643746.599
4.623 -1.396 -1.943 643746.610
4.456 -1.485 -2.299 643746.621
4.286 -1.314 -2.186 643746.632
4.176 -1.110 -2.379 643746.643
4.264 -1.010 -2.467 643746.655
4.235 -0.913 -2.526 643746.666
4.248 -0.867 -2.559 643746.677
4.375 -0.994 -2.399 643746.688
4.415 -0.942 -2.357 643746.699
4.537 -0.897 -2.445 643746.711
4.764 -0.737 -3.038 643746.722
4.825 -0.741 -2.974 643746.733
4.963 -0.675 -2.847 643746.744
5.066 -0.664 -2.647 643746.755
5.273 -0.576 -2.462 643746.767
5.582 -0.522 -2.309 643746.778
5.774 -0.586 -2.225 643746.789
5.864 -0.616 -2.205 643746.800
5.755 -0.866 -2.103 643746.811
5.407 -0.854 -2.109 643746.822
5.167 -0.888 -2.208 643746.834
4.943 -0.993 -2.291 643746.845
4.754 -1.028 -2.255 643746.856
4.842 -1.112 -1.895 643746.867
4.846 -1.118 -1.512 643746.878
4.964 -1.037 -1.406 643746.890
5.182 -0.859 -1.278 643746.901
5.362 -0.737 -1.169 643746.912
5.476 -0.542 -1.187 643746.923
5.769 0.553 -1.335 643746.934
5.877 0.828 -1.398 643746.946
6.268 1.108 -1.305 643746.957
6.806 1.435 -0.994 643746.968
6.974 1.759 -1.015 643746.979
7.134 1.931 -0.835 643746.990
6.909 1.408 0.642 643747.002
6.657 0.822 1.769 643747.013
6.531 0.203 2.797 643747.024
6.274 -0.384 3.433 643747.035
5.754 -0.938 3.463 643747.046
5.274 -1.486 3.018 643747.057
4.549 -2.121 2.405 643747.069
4.067 -2.589 1.980 643747.080
2.815 -3.315 1.506 643747.091
2.341 -3.619 1.447 643747.102
2.052 -3.897 1.250 643747.113
1.930 -4.092 0.756 643747.125
1.761 -4.200 0.043 643747.136
1.592 -4.263 -0.415 643747.147
1.470 -4.378 -0.881 643747.158
1.401 -4.453 -1.110 643747.169
1.505 -4.626 -0.569 643747.180
1.511 -4.707 -0.432 643747.192
1.539 -4.646 -0.328 643747.203
1.496 -4.537 -0.303 643747.214
1.376 -4.415 -0.145 643747.225
1.402 -4.154 0.020 643747.236
1.552 -3.992 0.160 643747.248
1.482 -3.846 0.296 643747.259
1.360 -3.564 0.569 643747.270
1.301 -3.472 0.568 643747.281
1.430 -3.464 0.637 643747.292
1.484 -3.391 0.684 643747.304
1.537 -3.271 0.758 643747.315
1.637 -3.096 0.822 643747.326
1.888 -2.913 0.907 643747.337
2.151 -2.771 0.889 643747.348
2.377 -2.541 0.847 643747.359
2.875 -2.034 0.778 643747.371
2.989 -1.772 0.599 643747.382
3.053 -1.531 0.416 643747.393
3.076 -1.282 0.359 643747.404
3.059 -1.000 0.315 643747.415
3.216 -0.736 0.428 643747.427
3.502 -0.550 0.608 643747.438
3.807 -0.356 0.768 643747.449
4.384 -0.156 0.903 643747.460
4.489 -0.001 0.845 643747.471
4.649 0.130 0.848 643747.483
4.838 0.313 0.854 643747.494
5.067 0.461 0.853 643747.505
5.227 0.534 0.857 643747.516
5.237 0.522 0.828 643747.527
5.213 0.532 0.891 643747.539
5.238 0.308 1.455 643747.550
5.209 0.159 1.555 643747.561
5.050 -0.041 1.511 643747.572
4.899 -0.177 1.237 643747.583
4.660 -0.353 0.846 643747.594
4.375 -0.466 0.453 643747.606
4.177 -0.445 0.357 643747.617
4.059 -0.360 0.090 643747.628
4.228 -0.519 -0.445 643747.639
4.361 -0.520 -0.650 643747.650
4.452 -0.377 -0.797 643747.662
4.459 -0.373 -1.129 643747.673
4.546 -0.219 -1.476 643747.684
4.674 -0.057 -1.712 643747.695
4.885 -0.048 -1.907 643747.706
4.920 0.030 -2.060 643747.717
5.146 0.066 -2.307 643747.729
5.181 0.114 -2.339 643747.740
5.168 0.101 -2.481 643747.751
5.087 0.157 -2.602 643747.762
5.144 0.257 -2.803 643747.773
5.259 0.314 -3.146 643747.785
5.369 0.345 -3.571 643747.796
5.493 0.349 -3.982 643747.807
5.145 0.208 -4.590 643747.818
4.644 0.238 -4.528 643747.829
4.327 0.077 -4.166 643747.841
4.130 -0.102 -3.544 643747.852
3.938 -0.111 -3.005 643747.863
3.901 -0.155 -2.780 643747.874
3.878 -0.162 -2.853 643747.885
3.916 -0.114 -3.182 643747.896
4.039 -0.023 -4.248 643747.908
4.125 0.020 -4.582 643747.919
4.003 0.086 -4.775 643747.930
3.914 0.160 -4.959 643747.941
4.018 0.139 -5.235 643747.952
4.212 -0.023 -5.566 643747.964
4.497 -0.045 -5.961 643747.975
4.785 -0.012 -6.361 643747.986
5.069 0.292 -6.832 643747.997
5.061 0.445 -6.639 643748.008
5.119 0.410 -6.436 643748.020
4.982 0.364 -6.358 643748.031
4.869 0.196 -6.207 643748.042
5.141 0.405 -6.422 643748.053
5.038 0.389 -6.363 643748.064
4.971 0.235 -6.251 643748.075
4.835 0.026 -6.248 643748.087
4.572 -0.077 -6.233 643748.098
3.937 0.026 -5.976 643748.109
3.785 0.114 -5.766 643748.120
3.791 0.186 -5.549 643748.131
3.893 0.154 -5.373 643748.143
4.038 0.159 -5.234 643748.154
4.227 0.124 -5.151 643748.165
4.357 0.135 -5.208 643748.176
4.461 0.238 -5.179 643748.187
4.435 0.293 -4.863 643748.199
4.355 0.253 -4.686 643748.210
4.356 0.138 -4.532 643748.221
4.316 0.071 -4.271 643748.232
4.124 0.096 -4.076 643748.243
4.018 0.056 -3.992 643748.254
4.064 -0.079 -4.012 643748.266
4.212 -0.102 -4.136 643748.277
4.233 0.014 -4.386 643748.288
4.321 0.184 -4.384 643748.299
4.442 0.212 -4.360 643748.310
4.509 0.236 -4.350 643748.322
4.563 0.260 -4.296 643748.333
4.577 0.254 -4.404 643748.344
4.467 0.163 -4.465 643748.355
4.400 0.185 -4.371 643748.366
4.365 0.342 -3.169 643748.378
4.455 0.363 -2.666 643748.389
4.705 0.323 -2.276 643748.400
5.085 0.280 -2.222 643748.411
5.212 0.213 -2.588 643748.422
5.285 0.201 -2.623 643748.433
5.249 0.392 -2.568 643748.445
5.199 0.571 -2.296 643748.456
5.581 0.258 -1.741 643748.467
5.763 0.168 -1.765 643748.478
5.849 0.173 -1.849 643748.489
5.867 0.182 -2.022 643748.501
5.726 0.142 -2.087 643748.512
5.564 0.140 -1.960 643748.523
5.430 0.056 -1.659 643748.534
5.282 -0.009 -1.215 643748.545
5.406 -0.279 -0.102 643748.557
5.495 -0.483 -0.057 643748.568
5.485 -0.609 -0.372 643748.579
5.317 -0.797 -0.870 643748.590
5.129 -1.031 -1.382 643748.601
5.095 -1.227 -1.529 643748.612
4.739 -1.390 -1.390 643748.624
4.521 -1.572 -1.054 643748.635
4.657 -1.962 -0.705 643748.646
4.582 -2.167 -0.954 643748.657
4.256 -2.397 -1.373 643748.668
3.481 -2.673 -1.643 643748.680
2.329 -2.943 -1.739 643748.691
1.319 -3.278 -1.712 643748.702
0.668 -3.535 -1.545 643748.713
0.459 -3.720 -1.063 643748.724
0.327 -3.700 -0.034 643748.736
0.215 -3.646 0.079 643748.747
0.235 -3.523 0.215 643748.758
0.080 -3.530 0.231 643748.769
-0.155 -3.397 0.370 643748.780
-0.028 -3.211 0.595 643748.791
0.400 -3.015 0.826 643748.803
0.941 -2.822 0.998 643748.814
1.723 -2.693 0.536 643748.825
2.022 -2.528 0.185 643748.836
2.325 -2.388 -0.046 643748.847
2.501 -2.228 -0.169 643748.859
2.720 -2.030 -0.178 643748.870
2.930 -1.906 -0.203 643748.881
3.102 -1.660 -0.178 643748.892
3.327 -1.458 -0.072 643748.903
3.810 -1.261 0.190 643748.915
3.917 -1.205 0.407 643748.926
3.919 -1.148 0.522 643748.937
3.948 -1.129 0.554 643748.948
4.068 -1.080 0.530 643748.959
4.132 -1.032 0.472 643748.970
4.261 -0.908 0.341 643748.982
4.341 -0.755 0.232 643748.993
4.485 -0.656 0.055 643749.004
4.458 -0.564 0.081 643749.015
4.402 -0.470 0.207 643749.026
4.364 -0.293 0.270 643749.038
4.381 -0.247 0.261 643749.049
4.405 -0.258 0.195 643749.060
4.359 -0.215 0.019 643749.071
4.215 -0.182 -0.150 643749.082
4.098 -0.503 -0.171 643749.094
3.951 -0.380 -0.188 643749.105
3.904 -0.224 -0.899 643749.116
3.933 -0.055 -1.355 643749.127
4.152 0.069 -1.797 643749.138
4.262 0.173 -1.970 643749.149
4.225 0.253 -2.049 643749.161
4.343 0.207 -2.080 643749.172
4.390 0.307 -2.011 643749.183
4.423 0.366 -1.855 643749.194
4.511 0.488 -1.909 643749.205
4.567 0.488 -1.949 643749.217
4.593 0.458 -1.970 643749.228
4.587 0.587 -2.078 643749.239
4.550 0.684 -2.289 643749.250
4.471 0.583 -2.442 643749.261
4.507 0.471 -2.300 643749.273
4.501 0.618 -2.141 643749.284
4.529 0.790 -2.403 643749.295
4.569 0.905 -2.778 643749.306
4.635 1.029 -3.166 643749.317
4.655 1.057 -3.570 643749.328
4.480 0.939 -4.019 643749.340
4.289 0.947 -4.553 643749.351
4.280 0.931 -5.010 643749.362
4.177 0.908 -5.223 643749.373
4.158 1.018 -5.489 643749.384
4.343 0.909 -5.488 643749.396
4.551 0.852 -5.504 643749.407
4.690 0.877 -5.589 643749.418
4.793 0.891 -5.745 643749.429
4.703 0.920 -6.019 643749.440
4.596 0.852 -6.176 643749.452
4.384 0.844 -6.289 643749.463
4.191 0.659 -6.722 643749.474
4.381 0.464 -6.648 643749.485
4.723 0.709 -6.278 643749.496
4.384 0.555 -6.306 643749.507
4.309 0.402 -6.237 643749.519
4.090 0.400 -6.372 643749.530
3.977 0.364 -6.561 643749.541
3.685 0.361 -6.694 643749.552
3.396 0.496 -6.743 643749.563
3.220 0.609 -6.574 643749.575
3.054 0.495 -5.944 643749.586
3.202 0.553 -5.520 643749.597
3.368 0.594 -5.081 643749.608
3.489 0.671 -4.682 643749.619
3.611 0.672 -4.446 643749.631
3.609 0.607 -4.148 643749.642
3.509 0.682 -3.955 643749.653
3.404 0.683 -3.845 643749.664
3.344 0.639 -3.909 643749.675
3.651 0.579 -4.081 643749.686
3.937 0.594 -4.265 643749.698
4.011 0.654 -4.360 643749.709
4.042 0.678 -4.322 643749.720
4.064 0.691 -4.231 643749.731
3.886 0.714 -3.981 643749.742
3.761 0.784 -3.757 643749.754
3.792 0.808 -3.488 643749.765
3.928 0.793 -3.497 643749.776
4.130 0.768 -3.466 643749.787
4.310 0.769 -3.569 643749.798
4.497 0.712 -3.714 643749.810
4.533 0.709 -3.872 643749.821
4.573 0.684 -3.999 643749.832
4.571 0.593 -3.914 643749.843
4.458 0.510 -3.633 643749.854
4.337 0.471 -3.553 643749.865
4.312 0.478 -3.572 643749.877
4.339 0.398 -3.699 643749.888
4.350 0.363 -3.754 643749.899
4.394 0.334 -3.792 643749.910
4.449 0.358 -3.885 643749.921
4.460 0.313 -3.887 643749.933
4.473 0.236 -3.549 643749.944
4.633 0.069 -3.422 643749.955
4.631 -0.069 -3.284 643749.966
4.489 -0.165 -3.255 643749.977
3.847 -0.238 -2.739 643749.989
3.698 -0.348 -2.745 643750.000
3.674 -0.429 -2.727 643750.011
3.708 -0.516 -2.749 643750.022
3.845 -0.561 -2.715 643750.033
3.943 -0.567 -2.940 643750.044
4.103 -0.589 -3.118 643750.056
4.577 -0.384 -3.031 643750.067
4.837 -0.322 -2.824 643750.078
5.093 -0.327 -2.719 643750.089
5.224 -0.455 -2.630 643750.100
5.369 -0.435 -2.580 643750.112
5.481 -0.369 -2.560 643750.123
5.625 -0.324 -2.581 643750.134
5.813 -0.302 -2.600 643750.145
5.867 -0.268 -2.332 643750.156
5.706 -0.458 -2.009 643750.168
5.409 -0.560 -1.567 643750.179
5.190 -0.542 -1.175 643750.190
5.012 -0.634 -1.063 643750.201
5.042 -0.704 -1.118 643750.212
5.097 -0.888 -1.552 643750.223
5.067 -1.045 -1.891 643750.235
5.026 -1.271 -1.989 643750.246
4.909 -1.341 -1.870 643750.257
4.569 -1.256 -1.564 643750.268
4.477 -1.314 -1.537 643750.279
4.455 -1.495 -1.692 643750.291
4.448 -1.747 -1.923 643750.302
4.354 -1.914 -2.250 643750.313
4.014 -1.992 -2.559 643750.324
3.573 -2.081 -2.739 643750.335
2.952 -2.261 -2.821 643750.347
1.197 -2.669 -2.403 643750.358
0.911 -2.959 -2.118 643750.369
0.805 -3.113 -1.945 643750.380
0.861 -3.255 -1.765 643750.391
0.945 -3.342 -1.529 643750.402
0.848 -3.442 -1.431 643750.414
0.597 -3.594 -1.363 643750.425
0.163 -3.673 -1.312 643750.436
-0.331 -3.843 -0.968 643750.447
-0.185 -3.881 -0.719 643750.458
0.200 -3.836 -0.603 643750.470
0.537 -3.703 -0.535 643750.481
0.737 -3.588 -0.507 643750.492
0.990 -3.426 -0.538 643750.503
1.246 -3.341 -0.517 643750.514
1.471 -3.242 -0.611 643750.526
1.766 -3.110 -0.649 643750.537
1.889 -3.050 -0.548 643750.548
2.073 -2.910 -0.458 643750.559
2.301 -2.915 -0.486 643750.570
2.413 -2.842 -0.524 643750.581
2.456 -2.774 -0.514 643750.593
2.580 -2.645 -0.577 643750.604
2.691 -2.653 -0.618 643750.615
2.874 -2.574 -0.612 643750.626
2.924 -2.529 -0.734 643750.637
3.044 -2.480 -0.797 643750.649
3.207 -2.389 -0.790 643750.660
3.302 -2.295 -0.884 643750.671
3.367 -2.172 -0.953 643750.682
3.422 -2.046 -0.971 643750.693
3.485 -2.013 -1.019 643750.704
3.737 -2.027 -1.330 643750.716
3.753 -1.995 -1.492 643750.727
3.705 -1.993 -1.645 643750.738
3.645 -1.899 -1.725 643750.749
3.546 -1.890 -1.806 643750.760
3.527 -1.861 -1.984 643750.772
3.525 -1.821 -2.076 643750.783
3.529 -1.791 -2.091 643750.794
3.561 -1.761 -2.272 643750.805
3.580 -1.673 -2.319 643750.816
3.569 -1.614 -2.370 643750.828
3.614 -1.526 -2.556 643750.839
3.686 -1.466 -2.794 643750.850
3.793 -1.425 -2.982 643750.861
3.758 -1.321 -3.212 643750.872
3.683 -1.266 -3.315 643750.884
3.950 -1.154 -3.349 643750.895
4.065 -1.045 -3.263 643750.906
4.142 -0.921 -3.245 643750.917
4.239 -0.819 -3.209 643750.928
4.394 -0.760 -3.163 643750.939
4.392 -0.695 -3.032 643750.951
4.297 -0.568 -2.802 643750.962
4.232 -0.498 -2.595 643750.973
4.121 -0.411 -2.523 643750.984
4.093 -0.266 -2.499 643750.995
4.027 -0.159 -2.487 643751.007
3.988 -0.051 -2.456 643751.018
4.061 0.047 -2.512 643751.029
4.155 0.098 -2.589 643751.040
4.298 0.099 -2.687 643751.051
4.269 0.190 -2.821 643751.063
4.244 0.251 -2.872 643751.074
4.121 0.271 -3.180 643751.085
4.009 0.318 -3.321 643751.096
3.907 0.317 -3.502 643751.107
3.870 0.324 -3.657 643751.118
3.918 0.322 -3.843 643751.130
3.797 0.382 -3.990 643751.141
3.785 0.508 -4.038 643751.152
3.717 0.595 -4.078 643751.163
3.842 0.719 -4.335 643751.174
3.872 0.869 -4.461 643751.186
3.911 1.026 -4.570 643751.197
3.976 1.134 -4.606 643751.208
4.077 1.277 -4.571 643751.219
4.176 1.388 -4.548 643751.230
4.340 1.552 -4.567 643751.241
4.508 1.627 -4.701 643751.253
5.109 1.593 -5.715 643751.264
5.295 1.515 -6.166 643751.275
5.381 1.509 -6.541 643751.286
5.342 1.556 -6.911 643751.297
5.296 1.668 -7.037 643751.309
5.198 1.716 -6.907 643751.320
5.196 1.709 -6.731 643751.331
5.178 1.730 -6.506 643751.342
5.001 1.703 -6.264 643751.353
4.993 1.741 -6.156 643751.365
4.954 1.667 -6.055 643751.376
4.893 1.669 -5.864 643751.387
4.755 1.680 -5.591 643751.398
4.606 1.680 -5.298 643751.409
4.480 1.652 -4.946 643751.420
4.340 1.604 -4.709 643751.432
4.108 1.488 -4.301 643751.443
4.010 1.371 -4.220 643751.454
3.969 1.291 -4.147 643751.465
4.040 1.181 -4.070 643751.476
4.020 1.145 -4.022 643751.488
4.012 1.069 -4.011 643751.499
3.986 1.039 -4.029 643751.510
4.179 0.811 -3.986 643751.521
4.100 0.644 -4.145 643751.532
3.897 0.614 -4.091 643751.544
3.690 0.516 -3.985 643751.555
3.515 0.462 -3.791 643751.566
3.397 0.463 -3.657 643751.577
3.399 0.370 -3.521 643751.588
3.407 0.258 -3.476 643751.600
3.459 0.098 -3.485 643751.611
3.390 -0.111 -3.560 643751.622
3.199 -0.275 -3.620 643751.633
3.014 -0.327 -3.545 643751.644
2.936 -0.432 -3.294 643751.655
2.915 -0.479 -3.098 643751.667
2.987 -0.485 -2.970 643751.678
3.340 -0.609 -2.942 643751.689
3.728 -0.665 -3.106 643751.700
3.960 -0.679 -3.441 643751.711
3.904 -0.705 -3.401 643751.723
3.832 -0.668 -3.213 643751.734
3.762 -0.717 -2.976 643751.745
3.740 -0.693 -2.772 643751.756
3.781 -0.670 -2.624 643751.767
3.951 -0.720 -2.497 643751.778
4.174 -0.780 -2.415 643751.790
4.456 -0.841 -2.462 643751.801
4.378 -0.815 -2.591 643751.812
4.286 -0.823 -2.564 643751.823
4.178 -0.835 -2.367 643751.834
4.083 -0.917 -2.204 643751.846
4.010 -0.996 -1.942 643751.857
3.931 -0.995 -1.725 643751.868
3.902 -1.094 -1.509 643751.879
3.685 -1.366 -0.926 643751.890
3.639 -1.558 -0.873 643751.902
3.397 -1.772 -0.809 643751.913
3.142 -1.940 -0.761 643751.924
2.863 -2.097 -0.672 643751.935
2.615 -2.335 -0.652 643751.946
2.162 -2.438 -0.589 643751.957
1.717 -2.601 -0.545 643751.969
1.237 -2.780 -0.221 643751.980
1.265 -2.859 -0.108 643751.991
1.249 -2.869 -0.011 643752.002
1.196 -2.904 -0.195 643752.013
1.265 -2.936 -0.501 643752.025
1.330 -2.920 -0.690 643752.036
1.403 -2.828 -0.806 643752.047
1.559 -2.754 -0.785 643752.058
1.830 -2.589 -0.998 643752.069
2.101 -2.519 -1.025 643752.081
2.432 -2.488 -1.093 643752.092
2.628 -2.361 -1.216 643752.103
2.859 -2.307 -1.309 643752.114
3.123 -2.299 -1.281 643752.125
3.300 -2.170 -1.250 643752.137
3.513 -2.071 -1.288 643752.148
3.789 -1.916 -1.247 643752.159
3.615 -1.822 -1.213 643752.170
3.616 -1.784 -1.142 643752.181
3.836 -1.735 -0.978 643752.192
4.014 -1.666 -0.768 643752.204
4.021 -1.595 -0.734 643752.215
3.970 -1.457 -0.770 643752.226
4.000 -1.326 -0.809 643752.237
4.594 -1.151 -0.644 643752.248
4.638 -0.998 -0.562 643752.260
4.643 -0.873 -0.411 643752.271
4.712 -0.718 -0.160 643752.282
4.817 -0.636 0.127 643752.293
5.117 -0.468 0.289 643752.304
5.238 -0.382 0.486 643752.315
5.359 -0.257 0.597 643752.327
5.348 -0.196 0.736 643752.338
5.497 -0.113 0.793 643752.349
5.607 -0.009 0.697 643752.360
5.706 0.106 0.505 643752.371
5.833 0.230 0.337 643752.383
5.888 0.258 0.239 643752.394
5.873 0.245 0.152 643752.405
5.879 0.165 0.259 643752.416
5.684 0.121 0.297 643752.427
5.484 0.021 -0.067 643752.439
5.467 0.029 -0.250 643752.450
5.390 0.106 -0.396 643752.461
5.430 0.195 -0.361 643752.472
5.366 0.303 -0.608 643752.483
5.246 0.412 -0.892 643752.494
5.125 0.501 -1.081 643752.506
5.050 0.683 -1.282 643752.517
5.094 0.824 -1.840 643752.528
4.972 1.056 -2.009 643752.539
4.966 1.107 -2.120 643752.550
5.003 1.117 -2.216 643752.562
4.999 1.225 -2.264 643752.573
5.050 1.272 -2.342 643752.584
5.159 1.249 -2.489 643752.595
5.150 1.275 -2.691 643752.606
5.074 1.312 -3.232 643752.618
5.025 1.344 -3.437 643752.629
5.043 1.334 -3.656 643752.640
5.034 1.300 -3.904 643752.651
4.993 1.336 -3.950 643752.662
4.950 1.397 -3.942 643752.673
5.009 1.427 -3.884 643752.685
5.028 1.453 -3.754 643752.696
5.124 1.383 -3.754 643752.707
5.173 1.346 -3.809 643752.718
5.166 1.333 -3.846 643752.729
5.150 1.336 -3.864 643752.741
5.060 1.380 -3.932 643752.752
4.950 1.420 -4.028 643752.763
4.896 1.335 -4.046 643752.774
4.762 1.349 -4.048 643752.785
4.353 1.404 -4.334 643752.797
4.289 1.375 -4.436 643752.808
4.325 1.325 -4.454 643752.819
4.295 1.319 -4.492 643752.830
4.275 1.301 -4.578 643752.841
4.910 1.198 -4.909 643752.852
4.875 1.015 -5.121 643752.864
4.835 0.817 -5.402 643752.875
4.758 0.577 -5.942 643752.886
4.741 0.503 -6.193 643752.897
4.782 0.362 -6.385 643752.908
4.887 0.242 -6.478 643752.920
4.955 0.258 -6.378 643752.931
4.828 0.216 -6.242 643752.942
4.604 0.229 -5.980 643752.953
4.429 0.335 -5.694 643752.964
3.772 0.418 -4.915 643752.976
3.668 0.433 -4.490 643752.987
3.679 0.498 -4.159 643752.998
3.826 0.592 -3.864 643753.009
3.942 0.686 -3.606 643753.020
4.046 0.694 -3.270 643753.031
4.208 0.731 -2.970 643753.043
4.435 0.852 -2.609 643753.054
4.617 0.898 -1.352 643753.065
4.546 0.673 -0.916 643753.076
4.615 0.353 -0.806 643753.087
4.736 -0.001 -1.134 643753.099
4.851 -0.305 -1.851 643753.110
4.962 -0.478 -2.488 643753.121
5.324 -0.665 -3.041 643753.132
5.564 -0.911 -3.652 643753.143
5.413 -1.191 -5.106 643753.155
5.047 -1.201 -5.686 643753.166
4.516 -1.146 -6.077 643753.177
4.079 -1.032 -6.171 643753.188
3.737 -0.933 -5.921 643753.199
3.476 -0.964 -5.516 643753.210
3.113 -0.999 -5.121 643753.222
2.934 -1.107 -4.898 643753.233
2.951 -1.018 -4.571 643753.244
3.162 -0.953 -4.497 643753.255
3.481 -0.921 -4.400 643753.266
3.959 -0.972 -4.203 643753.278
4.481 -1.002 -3.935 643753.289
4.869 -1.189 -3.673 643753.300
5.082 -1.307 -3.531 643753.311
5.173 -1.371 -3.253 643753.322
4.819 -1.538 -2.694 643753.334
4.386 -1.711 -2.597 643753.345
4.106 -1.813 -2.547 643753.356
3.679 -1.912 -2.472 643753.367
3.239 -2.007 -2.400 643753.378
2.992 -2.109 -2.305 643753.389
2.862 -2.207 -2.133 643753.401
2.784 -2.338 -1.981 643753.412
2.504 -2.352 -1.706 643753.423
2.415 -2.379 -1.626 643753.434
2.302 -2.390 -1.639 643753.445
2.268 -2.406 -1.657 643753.457
2.175 -2.437 -1.636 643753.468
2.088 -2.437 -1.569 643753.479
2.036 -2.470 -1.513 643753.490
2.119 -2.443 -1.431 643753.501
2.179 -2.504 -1.161 643753.513
2.207 -2.616 -1.080 643753.524
2.173 -2.648 -0.956 643753.535
2.089 -2.637 -0.923 643753.546
2.047 -2.575 -0.945 643753.557
2.031 -2.567 -1.008 643753.568
2.011 -2.489 -0.901 643753.580
1.996 -2.418 -0.708 643753.591
2.146 -2.380 -0.570 643753.602
2.444 -2.470 -0.575 643753.613
2.562 -2.418 -0.699 643753.624
2.652 -2.421 -0.973 643753.636
2.767 -2.403 -1.131 643753.647
2.840 -2.336 -1.124 643753.658
2.947 -2.276 -1.019 643753.669
3.014 -2.260 -0.891 643753.680
3.071 -2.310 -0.826 643753.692
3.119 -2.332 -0.957 643753.703
3.668 -2.247 -0.906 643753.714
3.555 -2.260 -1.026 643753.725
3.552 -2.159 -1.274 643753.736
3.576 -2.115 -1.451 643753.747
3.645 -2.023 -1.632 643753.759
3.655 -1.940 -1.577 643753.770
3.684 -1.848 -1.396 643753.781
3.780 -1.787 -1.366 643753.792
3.813 -1.822 -1.433 643753.803
3.683 -1.764 -1.531 643753.815
3.604 -1.731 -1.502 643753.826
3.652 -1.650 -1.395 643753.837
3.810 -1.559 -1.289 643753.848
4.070 -1.498 -1.117 643753.859
4.276 -1.439 -1.080 643753.871
4.321 -1.279 -0.960 643753.882
4.598 -1.089 -0.699 643753.893
4.775 -1.034 -0.515 643753.904
4.943 -0.952 -0.376 643753.915
5.103 -0.889 -0.192 643753.926
5.115 -0.789 0.017 643753.938
5.137 -0.801 0.221 643753.949
5.139 -0.764 0.350 643753.960
5.158 -0.732 0.508 643753.971
5.216 -0.672 0.591 643753.982
5.399 -0.585 0.531 643753.994
5.534 -0.596 0.305 643754.005
5.656 -0.565 0.069 643754.016
5.653 -0.614 -0.232 643754.027
5.561 -0.721 -0.462 643754.038
5.360 -0.736 -0.626 643754.050
5.170 -0.780 -0.803 643754.061
5.019 -0.778 -1.094 643754.072
4.891 -0.853 -1.673 643754.083
4.851 -0.812 -1.745 643754.094
4.738 -0.839 -1.912 643754.105
4.727 -0.809 -2.079 643754.117
4.775 -0.770 -2.271 643754.128
4.824 -0.749 -2.345 643754.139
4.838 -0.697 -2.268 643754.150
4.713 -0.643 -2.059 643754.161
4.692 -0.652 -1.877 643754.173
4.573 -0.625 -2.060 643754.184
4.531 -0.571 -2.253 643754.195
4.540 -0.502 -2.595 643754.206
4.545 -0.400 -2.857 643754.217
4.583 -0.471 -3.148 643754.229
4.617 -0.519 -3.473 643754.240
4.657 -0.674 -3.758 643754.251
4.673 -0.824 -4.054 643754.262
4.559 -0.953 -4.821 643754.273
4.571 -0.918 -5.265 643754.284
4.703 -0.861 -5.809 643754.296
4.677 -0.750 -6.095 643754.307
4.566 -0.648 -6.042 643754.318
4.375 -0.582 -5.403 643754.329
4.180 -0.645 -4.542 643754.340
4.010 -0.819 -3.790 643754.352
3.479 -1.209 -3.273 643754.363
3.355 -1.407 -3.411 643754.374
3.232 -1.451 -3.667 643754.385
3.160 -1.436 -3.998 643754.396
3.263 -1.288 -4.143 643754.408
3.545 -1.122 -4.103 643754.419
3.860 -0.978 -4.006 643754.430
4.121 -0.789 -3.904 643754.441
4.150 -0.901 -3.849 643754.452
4.098 -0.940 -3.927 643754.463
4.150 -0.950 -4.089 643754.475
4.136 -0.839 -4.165 643754.486
4.191 -0.767 -4.098 643754.497
4.259 -0.708 -3.917 643754.508
4.341 -0.717 -3.799 643754.519
4.330 -0.718 -3.766 643754.531
3.938 -0.833 -3.837 643754.542
3.841 -0.889 -3.794 643754.553
3.664 -0.989 -3.808 643754.564
3.548 -1.019 -3.978 643754.575
3.523 -1.010 -4.124 643754.587
3.571 -0.999 -4.263 643754.598
3.743 -0.979 -4.462 643754.609
3.823 -0.998 -4.549 643754.620
3.960 -0.933 -4.644 643754.631
4.015 -0.869 -4.963 643754.642
4.001 -0.858 -4.987 643754.654
4.006 -0.866 -4.928 643754.665
4.107 -0.801 -4.683 643754.676
4.362 -0.785 -4.446 643754.687
4.528 -0.810 -4.296 643754.698
4.415 -0.752 -4.243 643754.710
4.256 -0.723 -4.230 643754.721
3.972 -0.879 -4.099 643754.732
3.897 -0.909 -3.864 643754.743
3.795 -0.940 -3.771 643754.754
3.808 -0.982 -3.773 643754.766
4.069 -1.044 -3.892 643754.777
4.182 -1.052 -4.010 643754.788
4.147 -1.053 -4.134 643754.799
4.094 -1.082 -4.187 643754.810
3.887 -1.166 -3.996 643754.821
3.761 -1.173 -3.815 643754.833
3.670 -1.160 -3.641 643754.844
3.728 -1.156 -3.500 643754.855
3.729 -1.189 -3.453 643754.866
3.795 -1.174 -3.434 643754.877
3.793 -1.149 -3.404 643754.889
3.884 -1.114 -3.378 643754.900
4.046 -1.124 -3.079 643754.911
4.105 -1.152 -2.952 643754.922
4.050 -1.143 -2.896 643754.933
4.003 -1.122 -2.872 643754.945
4.057 -1.146 -2.829 643754.956
4.083 -1.254 -2.885 643754.967
4.126 -1.231 -2.876 643754.978
4.194 -1.240 -2.982 643754.989
4.529 -1.232 -3.221 643755.000
4.529 -1.247 -3.224 643755.012
4.550 -1.302 -3.209 643755.023
4.507 -1.413 -3.185 643755.034
4.372 -1.489 -3.104 643755.045
4.227 -1.482 -2.972 643755.056
4.131 -1.540 -3.035 643755.068
4.035 -1.590 -3.059 643755.079
3.914 -1.655 -2.530 643755.090
3.731 -1.740 -2.405 643755.101
3.697 -1.870 -2.170 643755.112
3.576 -1.934 -2.051 643755.124
3.365 -1.955 -1.906 643755.135
3.053 -1.998 -1.973 643755.146
2.804 -2.143 -1.875 643755.157
2.469 -2.224 -1.626 643755.168
2.141 -2.213 -1.256 643755.179
2.105 -2.150 -1.186 643755.191
2.140 -2.111 -1.192 643755.202
2.191 -2.145 -1.197 643755.213
2.435 -2.119 -1.252 643755.224
2.639 -2.184 -1.308 643755.235
2.653 -2.050 -1.445 643755.247
2.680 -1.866 -1.245 643755.258
3.217 -1.697 -0.744 643755.269
3.479 -1.598 -0.458 643755.280
3.706 -1.464 -0.352 643755.291
3.944 -1.360 -0.328 643755.302
4.061 -1.331 -0.386 643755.314
3.988 -1.227 -0.354 643755.325
3.980 -1.142 -0.275 643755.336
4.011 -1.123 -0.215 643755.347
4.343 -1.105 -0.073 643755.358
4.465 -1.128 -0.079 643755.370
4.571 -1.116 -0.071 643755.381
4.670 -1.144 0.011 643755.392
4.679 -1.165 0.025 643755.403
4.683 -1.170 -0.004 643755.414
4.718 -1.140 -0.069 643755.426
4.811 -1.119 -0.215 643755.437
4.822 -1.166 -0.453 643755.448
4.725 -1.165 -0.454 643755.459
4.655 -1.079 -0.358 643755.470
4.566 -1.059 -0.331 643755.482
4.512 -1.037 -0.255 643755.493
4.523 -1.006 -0.332 643755.504
4.494 -0.974 -0.284 643755.515
4.529 -0.950 -0.206 643755.526
4.571 -0.860 0.040 643755.537
4.540 -0.856 0.062 643755.549
4.497 -0.766 0.112 643755.560
4.460 -0.721 0.101 643755.571
4.409 -0.665 0.079 643755.582
4.383 -0.542 0.194 643755.593
4.413 -0.485 0.281 643755.605
4.518 -0.399 0.326 643755.616
4.718 -0.343 0.320 643755.627
4.703 -0.306 0.246 643755.638
4.630 -0.363 0.155 643755.649
4.490 -0.372 -0.005 643755.661
4.421 -0.362 -0.067 643755.672
4.517 -0.405 -0.274 643755.683
4.560 -0.531 -0.479 643755.694
4.445 -0.552 -0.562 643755.705
4.428 -0.374 -0.467 643755.716
4.535 -0.217 -0.643 643755.728
4.705 -0.045 -0.917 643755.739
4.852 0.114 -1.094 643755.750
4.977 0.149 -1.246 643755.761
5.067 0.059 -1.311 643755.772
5.048 -0.033 -1.441 643755.784
4.937 -0.006 -1.591 643755.795
4.781 0.056 -1.917 643755.806
4.642 0.099 -1.947 643755.817
4.626 0.067 -2.029 643755.828
4.527 0.061 -2.205 643755.839
4.401 0.100 -2.414 643755.851
4.399 0.110 -2.608 643755.862
4.475 0.101 -2.842 643755.873
4.508 0.168 -3.084 643755.884
4.420 0.143 -3.194 643755.895
4.389 0.208 -3.011 643755.907
3.980 0.179 -3.141 643755.918
3.647 0.173 -3.133 643755.929
3.291 0.158 -3.150 643755.940
2.965 0.283 -3.043 643755.951
2.760 0.377 -3.039 643755.963
2.725 0.467 -3.083 643755.974
2.886 0.573 -2.973 643755.985
3.287 0.660 -2.775 643755.996
3.857 0.811 -2.722 643756.007
3.781 0.881 -2.945 643756.019
3.675 0.969 -3.154 643756.030
3.803 1.048 -3.416 643756.041
4.016 1.017 -3.665 643756.052
4.193 1.100 -3.944 643756.063
4.361 1.165 -4.208 643756.074
4.451 1.185 -4.391 643756.086
4.733 1.207 -4.422 643756.097
4.736 1.266 -4.376 643756.108
4.714 1.382 -4.299 643756.119
4.703 1.506 -4.177 643756.130
4.639 1.640 -4.001 643756.142
4.560 1.784 -3.848 643756.153
4.554 1.880 -3.717 643756.164
4.548 1.940 -3.638 643756.175
4.650 2.093 -3.507 643756.186
4.817 2.115 -3.478 643756.198
4.905 2.051 -3.437 643756.209
4.881 2.043 -3.306 643756.220
4.793 2.072 -3.224 643756.231
4.811 2.026 -3.178 643756.242
4.722 1.979 -3.165 643756.253
3.039 1.752 -1.983 643756.265
1.956 1.197 -1.170 643756.276
1.748 1.086 -1.077 643756.287
1.572 0.954 -0.883 643756.298
1.343 0.849 -0.673 643756.309
1.168 0.760 -0.470 643756.321
1.016 0.713 -0.430 643756.332
0.759 0.667 -0.294 643756.343
0.625 0.578 -0.243 643756.354
0.524 0.519 -0.535 643756.365
0.592 0.520 -0.662 643756.376
0.588 0.478 -0.691 643756.388
0.707 0.453 -0.779 643756.399
0.759 0.428 -0.802 643756.410
0.780 0.431 -0.790 643756.421
0.694 0.377 -0.652 643756.432
0.596 0.337 -0.602 643756.444
0.467 0.283 -0.671 643756.455
0.360 0.362 -0.808 643756.466
0.327 0.346 -0.900 643756.477
0.403 0.324 -0.937 643756.488
0.428 0.304 -0.920 643756.500
0.416 0.242 -0.933 643756.511
0.346 0.274 -0.830 643756.522
0.285 0.238 -0.587 643756.533
-0.101 0.162 -0.105 643756.544
-0.158 0.153 -0.119 643756.555
-0.112 0.098 -0.136 643756.567
-0.071 0.065 -0.244 643756.578
0.011 0.060 -0.498 643756.589
0.018 0.121 -0.718 643756.600
0.050 0.132 -0.859 643756.611
0.085 0.140 -0.844 643756.623
-0.571 -0.101 -0.101 643756.634
-0.518 -0.043 -0.081 643756.645
-0.277 -0.014 -0.429 643756.656
-0.084 -0.049 -0.498 643756.667
0.021 -0.045 -0.479 643756.679
0.074 -0.012 -0.426 643756.690
0.005 0.039 -0.232 643756.701
-0.148 0.022 -0.140 643756.712
-0.171 0.031 -0.204 643756.723
-0.204 0.122 -0.356 643756.735
-0.107 0.158 -0.458 643756.746
-0.076 0.184 -0.518 643756.757
0.040 0.202 -0.602 643756.768
0.083 0.258 -0.543 643756.779
0.138 0.304 -0.420 643756.790
0.173 0.322 -0.193 643756.802
0.199 0.338 -0.032 643756.813
0.197 0.390 0.084 643756.824
0.223 0.421 0.260 643756.835
0.325 0.367 0.323 643756.846
0.361 0.357 0.401 643756.858
0.412 0.391 0.400 643756.869
0.358 0.404 0.360 643756.880
0.342 0.424 0.489 643756.891
0.348 0.489 0.513 643756.902
0.396 0.533 0.414 643756.913
0.762 0.540 0.313 643756.925
0.887 0.546 0.232 643756.936
0.922 0.581 0.359 643756.947
0.865 0.558 0.493 643756.958
0.799 0.535 0.693 643756.969
0.625 0.565 0.819 643756.981
0.464 0.621 0.941 643756.992
0.304 0.683 0.938 643757.003
0.514 0.547 0.377 643757.014
0.649 0.431 -0.226 643757.025
0.589 0.391 -0.729 643757.037
0.539 0.299 -0.906 643757.048
0.359 0.181 -0.925 643757.059
0.139 0.159 -0.863 643757.070
-0.020 0.109 -0.789 643757.081
0.013 0.100 -0.635 643757.092
0.015 0.128 -0.516 643757.104
0.117 0.138 -0.515 643757.115
0.178 0.214 -0.456 643757.126
0.199 0.281 -0.402 643757.137
0.177 0.262 -0.362 643757.148
0.185 0.271 -0.317 643757.160
0.193 0.353 -0.221 643757.171
0.277 0.464 -0.087 643757.182
0.382 0.469 0.043 643757.193
0.314 0.397 0.283 643757.204
0.138 0.444 0.232 643757.216
0.046 0.395 0.073 643757.227
0.072 0.374 0.018 643757.238
0.046 0.352 0.002 643757.249
-0.094 0.366 0.065 643757.260
-0.093 0.372 0.300 643757.271
0.046 0.376 0.549 643757.283
0.237 0.378 0.277 643757.294
0.292 0.406 -0.017 643757.305
0.257 0.302 -0.066 643757.316
0.102 0.290 -0.053 643757.327
-0.168 0.212 0.078 643757.339
-0.383 0.095 -0.004 643757.350
-0.512 0.007 0.010 643757.361
-0.589 -0.045 -0.048 643757.372
-0.518 -0.039 -0.103 643757.383
-0.456 -0.044 -0.223 643757.395
-0.393 -0.059 -0.325 643757.406
-0.357 -0.056 -0.401 643757.417
-0.368 -0.064 -0.450 643757.428
-0.282 0.012 -0.396 643757.439
-0.067 0.002 -0.389 643757.450
0.120 0.036 -0.514 643757.462
-0.322 0.167 -0.961 643757.473
-0.598 0.066 -1.014 643757.484
-0.910 -0.081 -0.846 643757.495
-1.007 -0.037 -0.546 643757.506
-0.753 0.120 -0.198 643757.518
-0.446 0.088 -0.099 643757.529
-0.218 0.164 -0.080 643757.540
-0.260 0.293 -0.151 643757.551
-0.487 0.124 0.292 643757.562
-0.835 0.114 0.578 643757.574
-1.000 0.202 0.921 643757.585
-0.977 0.340 1.182 643757.596
-0.815 0.423 1.247 643757.607
-0.681 0.457 1.328 643757.618
-0.687 0.435 1.434 643757.629
-0.883 0.385 1.572 643757.641
-1.502 0.314 1.556 643757.652
-1.663 0.295 1.654 643757.663
-1.661 0.298 1.773 643757.674
-1.665 0.341 1.920 643757.685
-1.598 0.367 1.996 643757.697
-1.649 0.366 1.820 643757.708
-1.680 0.293 1.533 643757.719
-1.947 0.215 1.358 643757.730
-2.097 0.255 1.277 643757.741
-1.909 0.187 1.114 643757.753
-1.671 0.130 0.935 643757.764
-1.557 0.148 0.772 643757.775
-1.390 0.194 0.716 643757.786
-1.487 0.174 0.769 643757.797
-1.550 0.079 0.747 643757.808
-1.732 0.041 0.621 643757.820
-1.766 -0.006 0.005 643757.831
-1.624 0.026 -0.070 643757.842
-1.488 0.051 -0.081 643757.853
-1.338 0.113 0.012 643757.864
-1.284 0.089 0.122 643757.876
-1.254 0.158 0.242 643757.887
-1.273 0.205 0.154 643757.898
-1.218 0.213 0.072 643757.909
-0.888 0.098 -0.394 643757.920
-0.734 0.092 -0.599 643757.932
-0.769 -0.009 -0.750 643757.943
-0.844 -0.054 -0.779 643757.954
-0.986 0.050 -0.643 643757.965
-1.163 -0.015 -0.591 643757.976
-1.163 -0.061 -0.550 643757.987
-1.326 -0.070 -0.503 643757.999
-1.447 0.007 -0.715 643758.010
-1.487 0.096 -0.599 643758.021
-1.435 0.178 -0.449 643758.032
-1.309 0.268 -0.283 643758.043
-1.151 0.244 -0.161 643758.055
-1.004 0.273 -0.234 643758.066
-0.878 0.346 -0.325 643758.077
-0.847 0.350 -0.375 643758.088
-0.606 0.513 -0.367 643758.099
-0.546 0.532 -0.307 643758.111
-0.411 0.631 -0.292 643758.122
-0.278 0.728 -0.152 643758.133
-0.144 0.709 -0.122 643758.144
-0.062 0.732 -0.252 643758.155
0.319 0.736 -0.517 643758.166
0.572 0.609 -0.839 643758.178
0.745 0.513 -1.318 643758.189
0.661 0.505 -1.279 643758.200
0.445 0.367 -1.277 643758.211
0.286 0.345 -1.152 643758.222
0.199 0.258 -0.970 643758.234
0.100 0.170 -0.892 643758.245
0.026 0.194 -0.958 643758.256
-0.023 0.181 -1.017 643758.267
0.179 0.123 -1.169 643758.278
0.183 0.055 -1.175 643758.290
-0.024 0.034 -1.150 643758.301
-0.198 0.003 -1.126 643758.312
-0.217 0.087 -1.144 643758.323
-0.106 0.190 -1.167 643758.334
0.219 0.260 -1.241 643758.345
0.608 0.277 -1.349 643758.357
1.288 0.301 -1.646 643758.368
1.346 0.384 -1.668 643758.379
1.286 0.509 -1.475 643758.390
1.295 0.486 -1.293 643758.401
1.359 0.568 -1.088 643758.413
1.431 0.594 -0.968 643758.424
1.434 0.611 -0.841 643758.435
1.404 0.711 -0.583 643758.446
1.637 0.671 -0.214 643758.457
1.775 0.733 -0.138 643758.469
1.821 0.803 -0.082 643758.480
1.863 0.780 -0.108 643758.491
1.978 0.713 -0.058 643758.502
1.921 0.711 0.027 643758.513
1.721 0.518 0.058 643758.524
1.408 0.201 0.096 643758.536
0.497 -0.114 -0.602 643758.547
0.096 -0.246 -1.144 643758.558
-0.452 -0.404 -1.517 643758.569
-0.723 -0.511 -1.793 643758.580
-0.706 -0.735 -1.939 643758.592
-0.670 -0.882 -2.103 643758.603
-0.784 -0.914 -2.247 643758.614
-0.955 -0.810 -2.505 643758.625
-1.305 -0.673 -2.786 643758.636
-1.239 -0.714 -2.841 643758.648
-1.147 -0.552 -2.585 643758.659
-0.943 -0.313 -2.109 643758.670
-0.616 -0.075 -1.506 643758.681
-0.444 0.187 -1.057 643758.692
-0.399 0.284 -0.771 643758.703
-0.314 0.358 -0.459 643758.715
-0.182 0.457 0.058 643758.726
-0.306 0.511 0.225 643758.737
-0.494 0.542 0.278 643758.748
-0.526 0.552 0.368 643758.759
-0.435 0.606 0.428 643758.771
-0.311 0.703 0.208 643758.782
-0.158 0.490 0.080 643758.793
0.102 0.463 0.151 643758.804
0.534 0.662 0.658 643758.815
0.653 0.706 0.645 643758.827
0.801 0.768 0.571 643758.838
0.675 0.865 0.552 643758.849
0.579 0.999 0.532 643758.860
0.562 1.028 0.326 643758.871
0.547 0.908 0.304 643758.882
0.477 0.908 0.454 643758.894
0.502 0.965 0.726 643758.905
0.766 0.628 0.642 643758.916
0.649 0.766 0.425 643758.927
0.657 1.129 0.399 643758.938
1.083 1.081 0.307 643758.950
1.286 1.126 0.320 643758.961
1.371 1.208 0.326 643758.972
1.269 1.315 0.323 643758.983
1.413 1.367 0.306 643758.994
1.688 1.449 0.814 643759.006
1.583 1.413 0.841 643759.017
1.444 1.469 0.922 643759.028
1.291 1.373 0.771 643759.039
1.117 1.331 0.577 643759.050
0.395 1.536 0.161 643759.061
0.301 1.483 0.327 643759.073
0.610 1.407 0.918 643759.084
1.146 1.550 1.498 643759.095
0.963 1.389 1.433 643759.106
0.805 1.072 1.277 643759.117
0.593 0.691 1.254 643759.129
0.549 0.492 1.170 643759.140
0.437 0.266 0.994 643759.151
0.145 0.075 0.593 643759.162
0.022 -0.210 -0.063 643759.173
-0.645 -0.247 -0.831 643759.185
-0.988 -0.123 -0.952 643759.196
-1.311 -0.082 -0.934 643759.207
-1.557 -0.171 -0.616 643759.218
-1.190 -0.967 -0.273 643759.229
-0.298 -1.612 -0.530 643759.240
0.066 -1.827 -0.547 643759.252
-0.392 -1.922 -0.456 643759.263
-1.730 -2.208 -0.666 643759.274
-2.181 -2.227 -1.110 643759.285
-2.316 -2.112 -1.600 643759.296
-2.178 -1.854 -1.802 643759.308
-2.099 -1.521 -1.810 643759.319
-1.886 -1.264 -1.895 643759.330
-1.546 -1.168 -1.889 643759.341
-1.320 -1.026 -1.817 643759.352
-1.071 -0.727 -1.399 643759.364
-1.007 -0.637 -1.170 643759.375
-0.868 -0.605 -0.807 643759.386
-0.757 -0.508 -0.335 643759.397
-0.614 -0.588 0.038 643759.408
-0.500 -0.461 0.453 643759.419
-0.418 -0.352 0.569 643759.431
-0.436 -0.281 0.466 643759.442
-0.686 0.013 0.056 643759.453
-0.762 0.102 0.018 643759.464
-0.750 0.175 0.195 643759.475
-0.665 0.134 0.395 643759.487
-0.515 0.133 0.587 643759.498
-0.392 0.225 0.686 643759.509
-0.397 0.185 0.649 643759.520
-0.473 0.342 0.619 643759.531
-0.592 0.529 0.630 643759.543
-0.459 0.437 0.599 643759.554
-0.357 0.328 0.583 643759.565
-0.272 0.349 0.492 643759.576
-0.100 0.334 0.346 643759.587
-0.064 0.260 0.219 643759.598
-0.112 0.196 0.222 643759.610
-0.171 0.161 0.235 643759.621
-0.276 -0.016 0.348 643759.632
-0.334 -0.088 0.406 643759.643
-0.417 -0.226 0.334 643759.654
-0.560 -0.429 0.248 643759.666
-0.653 -0.464 0.094 643759.677
-0.832 -0.573 -0.155 643759.688
-0.629 -0.564 -0.301 643759.699
-0.713 -0.497 -0.412 643759.710
-0.952 -0.299 -0.505 643759.722
-0.826 -0.275 -0.413 643759.733
-0.679 -0.077 -0.289 643759.744
-0.512 -0.011 -0.224 643759.755
-0.391 0.063 -0.108 643759.766
-0.252 0.192 0.107 643759.777
-0.131 0.340 0.245 643759.789
-0.094 0.402 0.404 643759.800
0.065 0.606 0.550 643759.811
0.249 0.565 0.617 643759.822
0.221 0.897 0.633 643759.833
0.294 1.023 0.757 643759.845
0.356 1.073 0.883 643759.856
0.371 1.217 1.026 643759.867
0.612 1.174 1.168 643759.878
0.834 1.120 1.122 643759.889
0.761 1.131 1.044 643759.901
0.607 1.010 1.102 643759.912
0.247 1.068 1.190 643759.923
-0.065 0.754 1.205 643759.934
-0.203 0.509 1.214 643759.945
-0.262 0.409 1.196 643759.956
-0.308 0.208 0.985 643759.968
-0.483 0.047 0.782 643759.979
-0.390 -0.131 0.595 643759.990
-0.381 -0.203 0.590 643760.001
-0.432 -0.237 0.468 643760.012
-0.642 -0.338 0.045 643760.024
-0.661 -0.531 -0.408 643760.035
-0.734 -0.667 -0.572 643760.046
-0.760 -0.633 -0.505 643760.057
-0.503 -0.712 -0.458 643760.068
-0.122 -0.875 -0.918 643760.080
0.095 -0.804 -1.257 643760.091
0.143 -0.622 -1.534 643760.102
0.193 -0.480 -1.864 643760.113
0.215 -0.434 -2.089 643760.124
0.229 -0.361 -1.935 643760.135
0.432 -0.233 -1.562 643760.147
0.638 0.044 -1.127 643760.158
1.015 0.181 -0.734 643760.169
0.994 0.164 -0.697 643760.180
1.070 0.177 -0.575 643760.191
1.140 0.114 -0.478 643760.203
1.109 0.182 -0.440 643760.214
1.008 0.249 -0.451 643760.225
0.994 0.233 -0.385 643760.236
1.041 0.113 -0.251 643760.247
0.978 0.004 0.061 643760.259
1.021 -0.190 0.342 643760.270
1.396 -0.415 1.439 643760.281
1.738 -0.641 1.547 643760.292
1.449 -0.750 0.404 643760.303
0.890 -0.212 -0.529 643760.314
0.433 -0.122 -0.816 643760.326
0.190 -0.588 -1.398 643760.337
-0.028 0.527 -2.296 643760.348
-0.015 0.379 -2.153 643760.359
-0.043 0.072 -1.833 643760.370
0.157 -0.122 -1.242 643760.382
0.250 -0.231 -0.698 643760.393
0.282 -0.220 -0.336 643760.404
0.314 -0.163 -0.294 643760.415
0.098 0.277 -0.307 643760.426
0.070 0.106 -0.693 643760.437
0.198 0.200 -0.695 643760.449
0.444 0.268 -0.169 643760.460
0.816 0.327 0.190 643760.471
1.026 0.376 0.434 643760.482
1.161 0.498 0.500 643760.493
1.241 0.572 0.573 643760.505
1.444 0.713 0.529 643760.516
1.629 0.787 0.388 643760.527
1.546 0.963 0.100 643760.538
1.384 0.962 0.051 643760.549
1.316 0.821 0.141 643760.561
1.134 0.764 0.203 643760.572
0.780 0.866 0.291 643760.583
0.671 0.774 0.663 643760.594
0.500 0.709 0.864 643760.605
0.470 0.522 1.039 643760.617
0.351 0.454 0.920 643760.628
0.359 0.452 0.687 643760.639
0.250 0.467 0.375 643760.650
0.135 0.509 0.055 643760.661
-0.051 0.542 -0.230 643760.672
-0.359 0.667 -0.451 643760.684
-0.680 0.625 -0.446 643760.695
-0.717 0.399 0.141 643760.706
-0.743 -1.019 0.123 643760.717
-0.712 -1.174 -0.314 643760.728
-1.066 -0.836 -0.815 643760.740
-1.145 -0.713 -1.422 643760.751
-1.050 -0.738 -1.912 643760.762
-1.087 -0.763 -2.261 643760.773
-1.103 -0.907 -2.462 643760.784
-1.179 -1.021 -2.473 643760.796
-0.832 -1.092 -1.963 643760.807
-0.506 -0.918 -1.553 643760.818
-0.168 -0.648 -1.045 643760.829
0.006 -0.398 -0.752 643760.840
0.142 -0.279 -0.543 643760.851
0.149 -0.284 -0.377 643760.863
0.249 -0.129 -0.110 643760.874
0.267 -0.152 0.155 643760.885
0.291 -0.112 0.258 643760.896
0.228 -0.027 0.275 643760.907
0.364 0.134 0.215 643760.919
0.530 0.228 0.100 643760.930
0.611 0.191 -0.066 643760.941
0.404 0.197 -0.255 643760.952
0.130 0.167 -0.271 643760.963
0.025 0.195 0.137 643760.974
-0.062 0.063 0.600 643760.986
-0.067 0.031 0.489 643760.997
-0.124 -0.013 0.208 643761.008
-0.034 -0.067 -0.100 643761.019
0.014 -0.092 -0.242 643761.030
-0.007 -0.182 -0.309 643761.042
-0.120 -0.206 -0.458 643761.053
-0.369 -0.201 -0.388 643761.064
-0.772 -0.185 -0.292 643761.075
-0.870 -0.121 -0.315 643761.086
-0.837 -0.281 -0.490 643761.098
-1.073 -0.320 -0.548 643761.109
-1.447 -0.405 -0.676 643761.120
-1.661 -0.478 -0.517 643761.131
-1.463 -0.537 -0.243 643761.142
-1.226 -0.587 0.057 643761.154
-0.929 -0.626 0.551 643761.165
-0.949 -0.548 0.551 643761.176
-0.962 -0.443 0.328 643761.187
-0.932 -0.281 0.158 643761.198
-0.797 -0.119 0.057 643761.209
-0.647 0.007 -0.015 643761.221
-0.451 0.076 -0.116 643761.232
-0.322 0.108 -0.192 643761.243
0.082 -0.054 0.110 643761.254
0.208 0.054 0.409 643761.265
0.221 0.207 0.448 643761.277
0.395 0.295 0.308 643761.288
0.422 0.335 0.115 643761.299
0.453 0.261 -0.019 643761.310
0.390 0.216 -0.108 643761.321
0.374 0.161 -0.191 643761.333
0.560 0.286 -0.095 643761.344
0.531 0.363 0.194 643761.355
0.423 0.337 0.499 643761.366
0.237 0.214 0.472 643761.377
0.209 0.093 0.458 643761.388
0.135 0.093 0.489 643761.400
0.032 0.083 0.411 643761.411
0.141 0.186 0.335 643761.422
0.159 0.036 0.453 643761.433
0.194 -0.169 0.665 643761.444
0.155 -0.068 0.354 643761.456
-0.043 -0.034 -0.217 643761.467
0.128 0.069 -0.390 643761.478
0.269 0.133 -0.399 643761.489
0.144 0.187 -0.445 643761.500
-0.128 0.109 -0.374 643761.511
-0.359 -0.175 0.053 643761.523
-0.296 -0.035 0.487 643761.534
-0.005 0.132 0.936 643761.545
0.193 0.299 1.040 643761.556
0.185 0.277 1.012 643761.567
0.099 0.425 0.941 643761.579
0.132 0.443 0.841 643761.590
0.170 0.349 0.655 643761.601
-0.473 0.380 -0.256 643761.612
-0.407 0.024 -0.495 643761.623
0.010 -0.313 -0.601 643761.635
0.322 -0.144 -0.405 643761.646
0.697 0.054 0.056 643761.657
1.235 0.738 -0.148 643761.668
0.756 0.089 0.437 643761.679
0.153 -0.271 0.733 643761.690
0.502 0.477 -0.204 643761.702
0.650 0.383 0.012 643761.713
0.614 0.430 0.414 643761.724
0.751 0.420 0.665 643761.735
0.902 0.543 0.775 643761.746
0.922 0.693 0.877 643761.758
0.708 0.626 0.753 643761.769
0.642 0.477 0.565 643761.780
0.295 0.411 0.539 643761.791
0.067 0.223 0.581 643761.802
-0.075 0.101 0.669 643761.814
-0.059 0.073 0.710 643761.825
0.022 0.101 0.650 643761.836
0.126 0.176 0.498 643761.847
0.257 0.259 0.348 643761.858
0.323 0.353 0.270 643761.870
0.420 0.475 0.245 643761.881
0.538 0.596 0.209 643761.892
0.653 0.718 0.169 643761.903
0.730 0.822 0.239 643761.914
0.713 0.831 0.306 643761.925
0.616 0.725 0.443 643761.937
0.545 0.792 0.695 643761.948
0.433 0.859 0.822 643761.959
0.326 0.905 0.464 643761.970
0.352 1.052 -0.553 643761.981
0.444 1.162 -0.936 643761.993
0.614 1.075 -0.741 643762.004
0.826 1.146 -0.057 643762.015
0.875 1.214 0.838 643762.026
0.983 1.311 1.563 643762.037
1.052 1.287 1.938 643762.048
1.090 1.124 1.953 643762.060
0.507 0.920 1.059 643762.071
0.609 0.237 0.988 643762.082
0.350 0.162 0.992 643762.093
-0.128 0.350 0.805 643762.104
-0.177 0.390 0.483 643762.116
-0.139 0.609 0.293 643762.127
0.084 0.830 0.377 643762.138
0.184 0.826 0.558 643762.149
-0.198 0.746 1.197 643762.160
-0.319 0.780 1.387 643762.172
-0.326 0.900 1.359 643762.183
-0.123 1.114 1.036 643762.194
0.019 1.357 0.783 643762.205
0.040 1.317 0.781 643762.216
0.032 1.286 0.955 643762.227
-0.359 1.036 1.153 643762.239
-0.417 0.913 1.938 643762.250
-0.162 0.777 1.635 643762.261
-0.051 0.805 0.976 643762.272
-0.087 0.566 0.018 643762.283
-0.001 0.238 -0.885 643762.295
0.077 -0.112 -1.283 643762.306
0.009 -0.446 -1.331 643762.317
-0.120 -0.709 -1.278 643762.328
-0.939 -1.123 -2.006 643762.339
-1.291 -1.201 -2.521 643762.351
-1.488 -1.356 -2.991 643762.362
-1.589 -1.642 -3.288 643762.373
-1.586 -1.862 -3.458 643762.384
-1.716 -2.099 -3.207 643762.395
-1.746 -2.298 -2.744 643762.406
-1.448 -2.347 -2.517 643762.418
-1.265 -1.836 -2.263 643762.429
-1.227 -1.599 -2.210 643762.440
-1.211 -1.476 -2.307 643762.451
-1.199 -1.399 -2.401 643762.462
-1.394 -1.359 -2.889 643762.474
-1.622 -1.341 -3.534 643762.485
-1.650 -1.214 -3.925 643762.496
-1.419 -0.903 -3.683 643762.507
-0.534 -0.821 -2.472 643762.518
-0.202 -0.656 -1.973 643762.530
-0.097 -0.557 -1.593 643762.541
-0.075 -0.448 -1.272 643762.552
-0.139 -0.454 -1.102 643762.563
-0.236 -0.403 -0.948 643762.574
-0.264 -0.341 -0.845 643762.585
-0.314 -0.326 -0.757 643762.597
-0.420 -0.084 -0.606 643762.608
-0.450 -0.142 -0.459 643762.619
-0.342 -0.134 -0.340 643762.630
-0.368 -0.155 -0.321 643762.641
-0.349 -0.123 -0.355 643762.653
-0.287 -0.101 -0.373 643762.664
-0.227 -0.014 -0.493 643762.675
-0.160 0.016 -0.611 643762.686
0.092 0.039 -0.497 643762.697
0.104 0.117 -0.390 643762.709
0.098 0.187 -0.202 643762.720
0.066 0.246 -0.128 643762.731
0.034 0.220 -0.105 643762.742
0.040 0.211 -0.181 643762.753
0.008 0.192 -0.272 643762.764
0.029 0.209 -0.314 643762.776
0.206 0.339 -0.404 643762.787
0.325 0.413 -0.458 643762.798
0.395 0.488 -0.479 643762.809
0.510 0.629 -0.404 643762.820
0.625 0.715 -0.190 643762.832
0.797 0.698 0.071 643762.843
0.768 0.575 0.348 643762.854
0.762 0.478 0.369 643762.865
0.836 0.417 0.107 643762.876
0.826 0.551 -0.018 643762.888
0.864 0.620 -0.101 643762.899
0.994 0.812 -0.153 643762.910
1.128 0.911 -0.130 643762.921
1.218 0.908 0.059 643762.932
1.136 0.904 0.349 643762.943
1.059 0.786 0.487 643762.955
1.055 0.414 0.508 643762.966
0.944 0.349 0.266 643762.977
0.903 0.340 0.056 643762.988
0.900 0.341 0.046 643762.999
0.838 0.286 -0.095 643763.011
0.743 0.258 -0.267 643763.022
0.688 0.260 -0.384 643763.033
0.507 0.201 -0.398 643763.044
0.196 0.062 -0.425 643763.055
0.137 -0.084 -0.406 643763.067
0.086 -0.171 -0.311 643763.078
-0.050 -0.187 -0.312 643763.089
-0.197 -0.194 -0.389 643763.100
-0.234 -0.201 -0.506 643763.111
-0.302 -0.142 -0.619 643763.122
-0.363 -0.091 -0.664 643763.134
-0.252 0.122 -0.428 643763.145
-0.131 0.157 -0.173 643763.156
-0.084 0.249 0.116 643763.167
-0.072 0.311 0.339 643763.178
-0.112 0.317 0.509 643763.190
-0.189 0.322 0.606 643763.201
-0.219 0.354 0.707 643763.212
-0.295 0.235 0.782 643763.223
-0.354 0.124 0.770 643763.234
-0.367 0.125 0.566 643763.246
-0.346 0.022 0.445 643763.257
-0.355 0.022 0.250 643763.268
-0.321 -0.006 0.039 643763.279
-0.195 0.004 -0.127 643763.290
-0.097 0.061 -0.145 643763.301
-0.015 0.062 -0.240 643763.313
0.109 0.072 -0.405 643763.324
0.084 -0.001 -0.375 643763.335
0.048 0.001 -0.245 643763.346
-0.017 0.021 -0.182 643763.357
0.103 0.098 -0.185 643763.369
0.194 0.193 -0.058 643763.380
0.283 0.326 0.002 643763.391
0.411 0.431 0.055 643763.402
0.456 0.612 0.216 643763.413
0.795 0.831 0.328 643763.425
0.853 0.919 0.359 643763.436
0.888 1.035 0.432 643763.447
0.882 1.085 0.491 643763.458
0.945 1.154 0.658 643763.469
1.044 1.205 0.828 643763.480
1.200 1.275 0.955 643763.492
1.281 1.147 1.170 643763.503
0.875 0.800 1.389 643763.514
0.659 0.490 1.401 643763.525
0.329 0.356 1.315 643763.536
0.134 0.250 1.105 643763.548
0.068 0.115 0.653 643763.559
-0.028 0.034 0.080 643763.570
0.008 0.002 -0.345 643763.581
0.046 -0.190 -0.535 643763.592
-0.302 -0.647 -0.921 643763.604
-0.570 -0.850 -1.109 643763.615
-0.815 -0.987 -1.301 643763.626
-0.955 -0.992 -1.474 643763.637
-0.903 -1.043 -1.735 643763.648
-0.892 -1.074 -1.770 643763.659
-0.892 -1.040 -1.902 643763.671
-1.017 -1.004 -1.983 643763.682
-1.147 -0.949 -1.849 643763.693
-1.209 -0.807 -1.587 643763.704
-1.238 -0.711 -1.255 643763.715
-1.123 -0.605 -0.924 643763.727
-1.041 -0.527 -0.630 643763.738
-0.909 -0.383 -0.447 643763.749
-0.725 -0.221 -0.279 643763.760
-0.563 -0.030 -0.147 643763.771
-0.162 0.218 0.016 643763.783
0.013 0.258 0.129 643763.794
0.263 0.243 0.221 643763.805
0.338 0.320 0.334 643763.816
0.429 0.358 0.293 643763.827
0.436 0.385 0.071 643763.838
0.373 0.309 -0.097 643763.850
0.340 0.186 -0.180 643763.861
-0.167 0.072 0.111 643763.872
-0.133 0.025 0.041 643763.883
-0.118 -0.023 -0.045 643763.894
-0.140 -0.098 -0.130 643763.906
-0.144 -0.155 -0.094 643763.917
-0.212 -0.193 -0.087 643763.928
-0.466 -0.223 -0.128 643763.939
-0.601 -0.327 -0.169 643763.950
-0.752 -0.286 -0.340 643763.962
-0.674 -0.267 -0.412 643763.973
-0.641 -0.314 -0.396 643763.984
-0.574 -0.281 -0.323 643763.995
-0.625 -0.216 -0.220 643764.006
-0.603 -0.178 -0.032 643764.017
-0.655 -0.142 0.081 643764.029
-0.672 -0.065 0.115 643764.040
-0.637 -0.074 0.284 643764.051
-0.556 -0.046 0.248 643764.062
-0.501 -0.075 0.159 643764.073
-0.531 -0.076 -0.010 643764.085
-0.488 -0.077 -0.040 643764.096
-0.477 0.006 0.008 643764.107
-0.373 0.062 0.104 643764.118
-0.262 0.123 0.239 643764.129
-0.149 0.124 0.541 643764.141
-0.096 0.047 0.444 643764.152
-0.077 -0.050 0.169 643764.163
-0.106 -0.080 0.127 643764.174
-0.182 -0.027 0.091 643764.185
-0.202 -0.020 -0.021 643764.196
-0.252 0.033 0.006 643764.208
-0.294 0.087 0.137 643764.219
-0.169 0.123 0.109 643764.230
-0.101 0.184 0.058 643764.241
0.105 0.257 0.262 643764.252
0.193 0.264 0.415 643764.264
0.336 0.444 0.671 643764.275
0.440 0.420 1.123 643764.286
0.304 0.273 1.386 643764.297
0.100 0.209 1.373 643764.308
-0.325 0.153 1.210 643764.320
-0.660 0.174 0.884 643764.331
-0.941 0.104 0.650 643764.342
-1.000 -0.067 0.507 643764.353
-0.970 -0.039 0.448 643764.364
-0.810 -0.054 0.436 643764.375
-0.665 -0.116 0.290 643764.387
-0.499 -0.119 0.119 643764.398
-0.402 -0.179 -0.094 643764.409
-0.309 -0.249 -0.243 643764.420
-0.228 -0.224 -0.413 643764.431
0.057 -0.087 -0.739 643764.443
0.105 -0.045 -0.749 643764.454
0.244 0.035 -0.680 643764.465
0.308 0.152 -0.644 643764.476
0.309 0.201 -0.546 643764.487
0.332 0.251 -0.367 643764.499
0.301 0.214 -0.220 643764.510
0.195 0.112 -0.035 643764.521
0.294 0.188 0.129 643764.532
0.282 0.226 0.163 643764.543
0.362 0.311 0.236 643764.554
0.333 0.340 0.311 643764.566
0.332 0.434 0.386 643764.577
0.315 0.398 0.485 643764.588
0.235 0.455 0.595 643764.599
0.205 0.381 0.601 643764.610
0.082 0.354 0.696 643764.622
0.060 0.366 0.619 643764.633
0.121 0.369 0.483 643764.644
0.202 0.372 0.350 643764.655
0.220 0.338 0.350 643764.666
0.188 0.220 0.343 643764.678
0.067 0.204 0.306 643764.689
0.020 0.057 0.285 643764.700
-0.132 -0.016 0.161 643764.711
-0.398 -0.193 -0.267 643764.722
-0.461 -0.331 -0.323 643764.733
-0.509 -0.459 -0.137 643764.745
-0.637 -0.512 0.025 643764.756
-0.662 -0.404 0.065 643764.767
-0.582 -0.305 -0.153 643764.778
-0.445 -0.207 -0.449 643764.789
-0.438 -0.194 -0.713 643764.801
0.196 -0.104 -1.054 643764.812
0.349 -0.026 -1.058 643764.823
0.522 -0.005 -0.945 643764.834
0.521 0.014 -1.046 643764.845
0.568 0.033 -1.003 643764.857
0.671 0.034 -0.871 643764.868
0.767 0.015 -0.712 643764.879
0.784 0.014 -0.723 643764.890
0.824 -0.044 -1.026 643764.901
0.725 -0.103 -1.053 643764.912
0.664 -0.020 -1.021 643764.924
0.652 -0.022 -1.067 643764.935
0.668 -0.033 -1.007 643764.946
0.659 0.012 -0.991 643764.957
0.596 -0.018 -1.035 643764.968
0.626 -0.057 -0.894 643764.980
0.665 -0.039 -0.635 643764.991
0.625 -0.031 -0.658 643765.002
0.596 -0.042 -0.720 643765.013
0.604 -0.025 -0.633 643765.024
0.523 -0.012 -0.569 643765.036
0.532 0.010 -0.507 643765.047
0.504 0.023 -0.472 643765.058
0.468 0.084 -0.465 643765.069
0.200 0.088 -0.259 643765.080
0.058 0.069 -0.109 643765.091
0.047 0.136 0.131 643765.103
-0.011 0.221 0.351 643765.114
-0.001 0.240 0.422 643765.125
0.046 0.382 0.605 643765.136
0.075 0.467 0.714 643765.147
0.048 0.486 0.892 643765.159
0.029 0.627 1.191 643765.170
0.021 0.684 1.335 643765.181
0.088 0.703 1.467 643765.192
0.117 0.769 1.557 643765.203
0.150 0.751 1.553 643765.215
0.112 0.714 1.518 643765.226
0.112 0.547 1.624 643765.237
0.039 0.538 1.537 643765.248
-0.072 0.473 1.394 643765.259
-0.055 0.503 1.306 643765.270
-0.077 0.541 1.204 643765.282
-0.042 0.485 1.132 643765.293
-0.055 0.448 1.008 643765.304
-0.076 0.307 0.923 643765.315
-0.161 0.166 0.724 643765.326
-0.199 0.126 0.442 643765.338
-0.304 0.104 -0.028 643765.349
-0.292 0.063 -0.103 643765.360
-0.257 0.089 -0.024 643765.371
-0.289 0.011 0.125 643765.382
-0.370 -0.032 0.125 643765.394
-0.390 -0.010 0.004 643765.405
-0.342 0.011 -0.011 643765.416
-0.194 0.041 0.010 643765.427
0.007 0.118 0.022 643765.438
0.006 0.164 -0.035 643765.449
0.080 0.230 0.002 643765.461
0.100 0.258 0.027 643765.472
0.280 0.437 0.176 643765.483
0.428 0.551 0.285 643765.494
0.563 0.741 0.378 643765.505
0.790 0.821 0.585 643765.517
0.823 0.882 0.909 643765.528
0.812 0.793 1.097 643765.539
0.736 0.713 1.234 643765.550
0.660 0.744 1.172 643765.561
0.619 0.667 0.814 643765.573
0.598 0.608 0.489 643765.584
0.566 0.576 0.395 643765.595
0.700 0.458 0.057 643765.606
0.659 0.260 -0.739 643765.617
0.486 0.080 -0.961 643765.628
0.441 -0.138 -1.283 643765.640
0.285 -0.170 -1.442 643765.651
0.225 -0.333 -1.601 643765.662
0.129 -0.394 -1.692 643765.673
-0.024 -0.464 -1.723 643765.684
-0.161 -0.488 -1.787 643765.696
-0.478 -0.561 -2.148 643765.707
-0.436 -0.480 -2.264 643765.718
-0.371 -0.425 -2.258 643765.729
-0.300 -0.431 -2.130 643765.740
-0.154 -0.416 -1.916 643765.752
-0.056 -0.390 -1.862 643765.763
0.005 -0.360 -1.798 643765.774
-0.071 -0.290 -1.674 643765.785
-0.186 -0.186 -0.980 643765.796
-0.175 -0.127 -0.686 643765.807
-0.068 -0.058 -0.518 643765.819
-0.011 -0.026 -0.447 643765.830
-0.047 0.006 -0.407 643765.841
-0.155 -0.009 -0.512 643765.852
-0.387 -0.135 -0.521 643765.863
-0.667 -0.109 -0.370 643765.875
-0.794 -0.184 0.073 643765.886
-0.568 -0.195 0.005 643765.897
-0.578 -0.190 -0.297 643765.908
-0.719 -0.129 -0.482 643765.919
-0.917 -0.142 -0.466 643765.931
-1.149 -0.264 -0.406 643765.942
-1.159 -0.281 -0.191 643765.953
-1.132 -0.307 -0.048 643765.964
-0.991 -0.324 0.007 643765.975
-0.537 -0.294 0.000 643765.986
-1.041 -0.205 -0.230 643765.998
-1.087 -0.206 -0.297 643766.009
-1.019 -0.177 -0.209 643766.020
-0.878 -0.184 -0.088 643766.031
-0.711 -0.181 -0.051 643766.042
-0.632 -0.236 -0.097 643766.054
-0.604 -0.263 -0.114 643766.065
-0.671 -0.216 -0.189 643766.076
-0.838 -0.262 -0.178 643766.087
-0.806 -0.298 -0.148 643766.098
-0.748 -0.231 -0.083 643766.109
-0.626 -0.261 -0.028 643766.121
-0.583 -0.242 -0.098 643766.132
-0.636 -0.215 -0.091 643766.143
-0.624 -0.178 -0.128 643766.154
-0.686 -0.215 -0.231 643766.165
-0.605 -0.170 -0.345 643766.177
-0.502 -0.095 -0.388 643766.188
-0.382 -0.159 -0.391 643766.199
-0.279 -0.182 -0.311 643766.210
-0.130 -0.176 -0.329 643766.221
-0.057 -0.188 -0.396 643766.233
-0.030 -0.116 -0.477 643766.244
-0.102 -0.134 -0.545 643766.255
-0.194 -0.048 -0.126 643766.266
-0.167 -0.093 -0.063 643766.277
-0.101 -0.148 -0.047 643766.289
-0.004 -0.137 -0.022 643766.300
0.013 -0.070 -0.046 643766.311
-0.097 -0.013 0.070 643766.322
-0.240 -0.050 0.169 643766.333
-0.460 -0.163 0.198 643766.344
-0.555 -0.032 0.264 643766.356
-0.577 -0.032 0.196 643766.367
-0.639 -0.043 0.240 643766.378
-0.591 -0.053 0.285 643766.389
-0.600 0.021 0.329 643766.400
-0.683 0.009 0.301 643766.412
-0.711 0.062 0.291 643766.423
-0.605 0.284 0.175 643766.434
-0.491 0.122 0.235 643766.445
-0.461 0.118 0.447 643766.456
-0.354 0.133 0.518 643766.468
-0.237 0.147 0.544 643766.479
-0.325 0.168 0.552 643766.490
-0.414 0.151 0.554 643766.501
-0.233 0.174 0.579 643766.512
-0.304 0.185 0.585 643766.523
-0.284 0.196 0.736 643766.535
-0.310 0.169 0.676 643766.546
-0.355 0.095 0.669 643766.557
-0.320 0.097 0.682 643766.568
-0.323 0.116 0.568 643766.579
-0.291 0.080 0.498 643766.591
-0.327 0.146 0.437 643766.602
-0.438 0.156 0.462 643766.613
-0.474 0.185 0.451 643766.624
-0.505 0.175 0.234 643766.635
-0.432 0.138 0.100 643766.646
-0.302 0.109 0.106 643766.658
-0.191 0.126 0.143 643766.669
-0.082 0.069 0.116 643766.680
0.024 0.059 0.181 643766.691
0.037 0.019 0.050 643766.702
0.007 0.027 0.095 643766.714
-0.021 0.203 0.311 643766.725
-0.048 0.182 0.469 643766.736
-0.141 0.226 0.475 643766.747
-0.325 0.185 0.476 643766.758
-0.407 0.164 0.431 643766.770
-0.368 0.274 0.461 643766.781
-0.311 0.253 0.532 643766.792
-0.253 0.260 0.587 643766.803
-0.195 0.277 0.616 643766.814
-0.238 0.283 0.581 643766.825
-0.292 0.271 0.653 643766.837
-0.272 0.232 0.665 643766.848
-0.246 0.361 0.674 643766.859
-0.166 0.463 0.698 643766.870
-0.225 0.442 0.718 643766.881
-0.305 0.516 0.738 643766.893
-0.263 0.571 0.846 643766.904
-0.245 0.601 0.864 643766.915
-0.220 0.637 0.946 643766.926
-0.098 0.628 1.014 643766.937
0.006 0.590 1.067 643766.949
0.112 0.639 1.043 643766.960
0.173 0.658 1.019 643766.971
0.252 0.650 1.010 643766.982
0.313 0.642 1.164 643766.993
0.386 0.626 1.203 643767.005
0.388 0.629 1.044 643767.016
0.354 0.622 0.826 643767.027
0.350 0.580 0.729 643767.038
0.442 0.584 0.552 643767.049
0.518 0.570 0.444 643767.060
0.588 0.519 0.415 643767.072
0.590 0.392 0.146 643767.083
0.686 0.360 0.101 643767.094
0.737 0.374 0.102 643767.105
0.742 0.351 0.077 643767.116
0.751 0.326 0.042 643767.128
0.724 0.349 0.044 643767.139
0.670 0.390 0.122 643767.150
0.647 0.393 0.051 643767.161
0.597 0.414 0.027 643767.172
0.633 0.360 0.017 643767.183
0.614 0.324 -0.022 643767.195
0.599 0.260 -0.058 643767.206
0.586 0.242 -0.066 643767.217
0.549 0.149 -0.130 643767.228
0.597 0.187 -0.075 643767.239
0.630 0.224 -0.132 643767.251
0.570 0.242 -0.295 643767.262
0.567 0.287 -0.291 643767.273
0.613 0.268 -0.205 643767.284
0.484 0.210 -0.046 643767.295
0.461 0.133 0.022 643767.307
0.441 0.102 0.027 643767.318
0.627 0.052 -0.084 643767.329
0.626 0.056 -0.176 643767.340
0.545 0.040 -0.506 643767.351
0.434 0.034 -0.492 643767.362
0.381 0.028 -0.436 643767.374
0.272 0.051 -0.255 643767.385
0.303 0.092 -0.159 643767.396
0.323 0.085 -0.097 643767.407
0.345 0.096 -0.182 643767.418
0.346 0.078 -0.133 643767.430
0.130 -0.027 -0.080 643767.441
0.108 -0.067 -0.123 643767.452
0.181 -0.101 -0.240 643767.463
0.300 -0.053 -0.387 643767.474
0.481 -0.018 -0.684 643767.486
0.785 0.053 -0.947 643767.497
0.931 0.102 -1.280 643767.508
1.094 0.076 -1.546 643767.519
0.936 -0.051 -1.819 643767.530
0.928 -0.117 -1.687 643767.542
0.742 -0.199 -1.555 643767.553
0.574 -0.266 -1.300 643767.564
0.452 -0.301 -1.037 643767.575
0.408 -0.288 -0.763 643767.586
0.057 -0.247 -0.626 643767.597
-0.247 -0.198 -0.535 643767.609
-0.389 -0.195 -0.659 643767.620
-0.215 -0.163 -0.742 643767.631
0.154 -0.158 -0.797 643767.642
0.331 -0.151 -0.671 643767.653
0.449 -0.114 -0.486 643767.665
0.407 -0.059 -0.410 643767.676
0.358 -0.022 -0.374 643767.687
0.216 0.005 -0.321 643767.698
-0.036 0.051 -0.216 643767.709
0.079 0.071 -0.101 643767.720
0.169 0.063 0.060 643767.732
0.219 -0.031 -0.042 643767.743
0.300 -0.051 -0.070 643767.754
0.311 -0.090 -0.054 643767.765
0.219 -0.099 -0.006 643767.776
0.245 -0.167 0.057 643767.788
0.225 -0.302 0.012 643767.799
0.231 -0.373 -0.134 643767.810
0.060 -0.351 -0.384 643767.821
-0.037 -0.346 -0.499 643767.832
-0.136 -0.385 -0.479 643767.844
-0.356 -0.369 -0.509 643767.855
-0.491 -0.360 -0.497 643767.866
-0.780 -0.247 -0.576 643767.877
-0.894 -0.152 -0.596 643767.888
-0.827 -0.129 -0.602 643767.899
-0.605 -0.068 -0.491 643767.911
-0.421 -0.073 -0.511 643767.922
-0.163 -0.050 -0.558 643767.933
0.037 0.011 -0.578 643767.944
0.171 0.053 -0.637 643767.955
0.260 0.076 -0.633 643767.967
0.306 0.168 -0.631 643767.978
0.360 0.145 -0.544 643767.989
0.643 0.116 -0.126 643768.000
0.790 0.073 0.064 643768.011
0.904 0.100 0.193 643768.023
0.994 0.097 0.246 643768.034
0.924 0.150 0.381 643768.045
0.858 0.088 0.417 643768.056
0.716 0.054 0.509 643768.067
0.499 0.103 0.527 643768.078
0.283 0.086 0.559 643768.090
0.273 0.022 0.615 643768.101
0.149 0.013 0.588 643768.112
0.060 -0.016 0.613 643768.123
-0.013 0.003 0.529 643768.134
-0.003 -0.035 0.480 643768.146
-0.116 -0.084 0.294 643768.157
-0.259 -0.105 0.176 643768.168
-0.293 -0.144 -0.004 643768.179
-0.322 -0.173 -0.161 643768.190
-0.328 -0.192 -0.307 643768.202
-0.289 -0.192 -0.378 643768.213
-0.298 -0.228 -0.412 643768.224
