-0.430 -0.317 1.743 647579.976
-0.429 -0.522 1.805 647579.987
-0.323 -0.587 1.313 647579.998
-0.115 -0.386 0.767 647580.010
0.066 -0.074 0.723 647580.021
0.120 0.061 1.187 647580.032
0.023 -0.317 1.694 647580.043
0.066 -0.421 1.234 647580.054
0.171 -0.253 0.625 647580.065
0.278 0.020 0.406 647580.077
0.357 0.226 0.631 647580.088
0.363 0.210 1.098 647580.099
0.298 0.020 1.427 647580.110
0.229 -0.179 1.395 647580.121
0.300 -0.294 0.565 647580.133
0.397 -0.121 0.290 647580.144
0.470 0.066 0.272 647580.155
0.502 0.212 0.522 647580.166
0.527 0.168 0.914 647580.177
0.450 0.042 1.202 647580.189
0.381 -0.145 1.303 647580.200
0.318 -0.321 1.113 647580.211
0.383 -0.349 0.406 647580.222
0.463 -0.219 0.189 647580.233
0.543 -0.057 0.172 647580.244
0.546 -0.031 0.283 647580.256
0.422 -0.294 0.739 647580.267
0.520 0.037 0.744 647580.278
0.450 -0.113 1.008 647580.289
0.450 -0.158 0.913 647580.300
0.514 -0.073 0.898 647580.312
0.538 -0.047 0.774 647580.323
0.533 -0.088 0.804 647580.334
0.533 -0.044 0.883 647580.345
0.530 -0.049 0.856 647580.356
0.528 -0.017 0.860 647580.368
0.513 -0.028 0.876 647580.379
0.496 -0.024 0.887 647580.390
0.452 -0.040 0.885 647580.401
0.422 -0.058 0.912 647580.412
0.393 -0.069 0.957 647580.423
0.369 -0.078 1.016 647580.435
0.341 -0.073 1.054 647580.446
0.298 -0.064 1.059 647580.457
0.207 -0.106 1.018 647580.468
0.136 -0.183 0.985 647580.479
0.124 -0.296 0.997 647580.491
0.125 -0.315 1.046 647580.502
0.130 -0.311 1.076 647580.513
0.146 -0.300 1.049 647580.524
0.138 -0.291 0.997 647580.535
0.103 -0.309 0.945 647580.547
0.084 -0.347 0.878 647580.558
0.028 -0.391 0.800 647580.569
-0.027 -0.401 0.721 647580.580
-0.061 -0.341 0.688 647580.591
-0.098 -0.232 0.598 647580.602
-0.132 -0.130 0.450 647580.614
-0.201 -0.077 0.293 647580.625
-0.333 -0.052 0.131 647580.636
-0.470 -0.067 -0.035 647580.647
-0.500 -0.085 -0.207 647580.658
-0.326 -0.133 -0.505 647580.670
-0.237 -0.127 -0.617 647580.681
-0.238 -0.093 -0.734 647580.692
-0.307 -0.067 -0.872 647580.703
-0.319 -0.051 -0.983 647580.714
-0.291 -0.025 -1.084 647580.726
-0.234 -0.008 -1.202 647580.737
-0.155 -0.011 -1.271 647580.748
-0.155 0.033 -1.187 647580.759
-0.126 0.067 -1.176 647580.770
-0.110 0.109 -1.178 647580.781
-0.105 0.146 -1.199 647580.793
-0.080 0.200 -1.198 647580.804
-0.080 0.260 -1.207 647580.815
-0.035 0.343 -1.196 647580.826
0.014 0.407 -1.228 647580.837
0.076 0.459 -1.299 647580.849
0.116 0.512 -1.327 647580.860
0.215 0.526 -1.222 647580.871
0.241 0.551 -1.104 647580.882
0.238 0.588 -0.972 647580.893
0.247 0.610 -0.847 647580.905
0.281 0.600 -0.772 647580.916
0.299 0.623 -0.732 647580.927
0.280 0.626 -0.717 647580.938
0.282 0.616 -0.703 647580.949
0.319 0.582 -0.640 647580.960
0.304 0.572 -0.608 647580.972
0.313 0.578 -0.568 647580.983
0.341 0.593 -0.550 647580.994
0.370 0.626 -0.555 647581.005
0.397 0.638 -0.540 647581.016
0.427 0.664 -0.535 647581.028
0.433 0.682 -0.529 647581.039
0.467 0.706 -0.524 647581.050
0.476 0.726 -0.512 647581.061
0.485 0.741 -0.510 647581.072
0.498 0.753 -0.508 647581.083
0.512 0.760 -0.500 647581.095
0.512 0.776 -0.490 647581.106
0.525 0.802 -0.489 647581.117
0.536 0.822 -0.497 647581.128
0.620 0.854 -0.486 647581.139
0.642 0.863 -0.499 647581.151
0.650 0.864 -0.513 647581.162
0.651 0.852 -0.534 647581.173
0.639 0.840 -0.556 647581.184
0.641 0.849 -0.556 647581.195
0.647 0.861 -0.561 647581.207
0.650 0.866 -0.549 647581.218
0.669 0.871 -0.529 647581.229
0.674 0.873 -0.549 647581.240
0.679 0.880 -0.577 647581.251
0.727 0.871 -0.584 647581.263
0.786 0.860 -0.584 647581.274
0.872 0.822 -0.576 647581.285
0.960 0.781 -0.576 647581.296
1.066 0.727 -0.577 647581.307
1.174 0.622 -0.548 647581.318
1.207 0.587 -0.576 647581.330
1.259 0.556 -0.574 647581.341
1.301 0.502 -0.667 647581.352
1.328 0.451 -0.757 647581.363
1.329 0.510 -0.869 647581.374
1.294 0.649 -0.970 647581.386
1.120 0.842 -1.084 647581.397
0.787 1.062 -1.187 647581.408
-0.490 1.356 -1.369 647581.419
-1.257 1.160 -1.223 647581.430
-1.696 0.620 -1.198 647581.442
-2.107 -0.219 -1.970 647581.453
-1.848 -0.669 -2.396 647581.464
-1.372 -0.745 -2.335 647581.475
-0.776 -0.653 -1.683 647581.486
-0.418 -0.570 -0.925 647581.497
-0.371 -0.526 0.043 647581.509
-0.468 -0.467 0.371 647581.520
-0.639 -0.434 0.504 647581.531
-0.922 -0.493 0.533 647581.542
-1.160 -0.586 0.587 647581.553
-1.208 -0.655 0.705 647581.565
-1.031 -0.679 0.911 647581.576
-0.799 -0.658 1.130 647581.587
-0.438 -0.553 1.228 647581.598
-0.351 -0.474 1.149 647581.609
-0.327 -0.378 1.052 647581.621
-0.288 -0.315 0.948 647581.632
-0.241 -0.279 0.887 647581.643
-0.199 -0.254 0.851 647581.654
-0.174 -0.223 0.849 647581.665
-0.181 -0.208 0.839 647581.676
-0.014 -0.202 0.872 647581.688
0.046 -0.165 0.857 647581.699
0.132 -0.132 0.868 647581.710
0.188 -0.068 0.845 647581.721
0.258 -0.025 0.842 647581.732
0.282 -0.034 0.787 647581.744
0.303 -0.029 0.764 647581.755
0.318 -0.020 0.702 647581.766
0.436 -0.053 0.707 647581.777
0.447 -0.041 0.771 647581.788
0.450 -0.027 0.785 647581.800
0.414 0.019 0.805 647581.811
0.418 0.041 0.817 647581.822
0.430 0.059 0.887 647581.833
0.457 0.095 0.938 647581.844
0.474 0.113 0.982 647581.855
0.511 0.088 1.037 647581.867
0.464 0.095 1.100 647581.878
0.389 0.104 1.162 647581.889
0.319 0.088 1.215 647581.900
0.237 0.047 1.270 647581.911
0.160 -0.001 1.302 647581.923
0.056 -0.057 1.372 647581.934
-0.027 -0.127 1.443 647581.945
-0.129 -0.167 1.557 647581.956
-0.161 -0.143 1.555 647581.967
-0.222 -0.138 1.500 647581.979
-0.241 -0.181 1.451 647581.990
-0.283 -0.179 1.423 647582.001
-0.309 -0.152 1.392 647582.012
-0.323 -0.114 1.328 647582.023
-0.349 -0.089 1.233 647582.034
-0.486 -0.114 1.033 647582.046
-0.586 -0.130 0.923 647582.057
-0.695 -0.103 0.776 647582.068
-0.802 0.007 0.581 647582.079
-0.979 0.191 0.328 647582.090
-1.131 0.429 0.017 647582.102
-1.310 0.678 -0.332 647582.113
-1.445 0.820 -0.621 647582.124
-1.266 1.020 -0.938 647582.135
-0.913 0.921 -1.365 647582.146
-0.614 0.689 -1.875 647582.158
-0.442 0.492 -2.366 647582.169
-0.371 0.418 -2.731 647582.180
-0.331 0.439 -2.921 647582.191
-0.237 0.451 -2.925 647582.202
-0.211 0.454 -2.729 647582.213
-0.149 0.424 -2.030 647582.225
-0.109 0.444 -1.636 647582.236
-0.071 0.453 -1.318 647582.247
-0.055 0.484 -1.114 647582.258
-0.003 0.531 -0.991 647582.269
0.075 0.590 -0.899 647582.281
0.137 0.653 -0.804 647582.292
0.179 0.725 -0.716 647582.303
0.265 0.818 -0.585 647582.314
0.285 0.855 -0.566 647582.325
0.321 0.883 -0.526 647582.337
0.332 0.894 -0.476 647582.348
0.355 0.919 -0.452 647582.359
0.390 0.914 -0.463 647582.370
0.408 0.951 -0.497 647582.381
0.441 0.906 -0.559 647582.392
0.552 0.923 -0.571 647582.404
0.568 0.952 -0.551 647582.415
0.580 0.930 -0.552 647582.426
0.603 0.894 -0.561 647582.437
0.631 0.897 -0.561 647582.448
0.639 0.864 -0.585 647582.460
0.637 0.827 -0.616 647582.471
0.645 0.776 -0.644 647582.482
0.628 0.707 -0.706 647582.493
0.606 0.685 -0.711 647582.504
0.570 0.668 -0.685 647582.516
0.551 0.646 -0.646 647582.527
0.527 0.632 -0.633 647582.538
0.502 0.621 -0.625 647582.549
0.479 0.608 -0.633 647582.560
0.444 0.582 -0.637 647582.571
0.400 0.581 -0.651 647582.583
0.369 0.608 -0.658 647582.594
0.340 0.613 -0.677 647582.605
0.365 0.646 -0.664 647582.616
0.380 0.682 -0.616 647582.627
0.388 0.697 -0.621 647582.639
0.424 0.738 -0.653 647582.650
0.471 0.776 -0.652 647582.661
0.541 0.785 -0.685 647582.672
0.792 0.737 -0.638 647582.683
0.950 0.666 -0.620 647582.695
1.074 0.568 -0.596 647582.706
1.195 0.484 -0.617 647582.717
1.281 0.389 -0.669 647582.728
1.314 0.282 -0.661 647582.739
1.328 0.249 -0.657 647582.750
1.280 0.210 -0.697 647582.762
0.926 0.524 -0.750 647582.773
0.750 0.764 -0.945 647582.784
0.431 0.976 -1.263 647582.795
-0.007 1.093 -1.409 647582.806
-0.776 1.017 -1.435 647582.818
-1.504 0.685 -1.449 647582.829
-1.904 0.143 -1.599 647582.840
-1.650 -0.438 -1.907 647582.851
-0.856 -0.590 -2.350 647582.862
-0.547 -0.445 -2.034 647582.874
-0.213 -0.344 -1.476 647582.885
-0.053 -0.291 -1.044 647582.896
-0.218 -0.218 -0.676 647582.907
-0.496 -0.217 -0.267 647582.918
-0.858 -0.272 0.162 647582.929
-1.203 -0.341 0.535 647582.941
-1.215 -0.516 0.994 647582.952
-1.120 -0.586 1.119 647582.963
-1.004 -0.653 1.196 647582.974
-0.933 -0.667 1.178 647582.985
-0.865 -0.652 1.205 647582.997
-0.794 -0.602 1.200 647583.008
-0.646 -0.536 1.159 647583.019
-0.534 -0.408 1.122 647583.030
-0.394 -0.349 0.903 647583.041
-0.382 -0.348 0.836 647583.053
-0.350 -0.318 0.805 647583.064
-0.319 -0.290 0.792 647583.075
-0.269 -0.261 0.748 647583.086
-0.191 -0.195 0.739 647583.097
0.004 -0.173 0.744 647583.108
0.134 -0.119 0.767 647583.120
0.319 -0.088 0.679 647583.131
0.325 -0.080 0.688 647583.142
0.361 -0.122 0.698 647583.153
0.407 -0.101 0.706 647583.164
0.496 -0.095 0.701 647583.176
0.535 -0.102 0.694 647583.187
0.625 -0.098 0.694 647583.198
0.633 -0.121 0.637 647583.209
0.633 -0.158 0.530 647583.220
0.566 -0.176 0.474 647583.232
0.519 -0.186 0.497 647583.243
0.510 -0.196 0.541 647583.254
0.536 -0.205 0.589 647583.265
0.528 -0.211 0.618 647583.276
0.477 -0.226 0.599 647583.287
0.419 -0.237 0.516 647583.299
0.444 -0.255 0.405 647583.310
0.442 -0.236 0.366 647583.321
0.437 -0.201 0.360 647583.332
0.440 -0.168 0.358 647583.343
0.429 -0.125 0.349 647583.355
0.423 -0.095 0.348 647583.366
0.467 -0.080 0.357 647583.377
0.481 -0.059 0.352 647583.388
0.490 0.005 0.353 647583.399
0.518 0.043 0.338 647583.411
0.570 0.087 0.355 647583.422
0.615 0.136 0.396 647583.433
0.651 0.173 0.424 647583.444
0.677 0.209 0.451 647583.455
0.699 0.243 0.497 647583.466
0.706 0.280 0.554 647583.478
0.740 0.352 0.650 647583.489
0.765 0.397 0.680 647583.500
0.799 0.432 0.714 647583.511
0.831 0.461 0.731 647583.522
0.854 0.494 0.746 647583.534
0.892 0.490 0.799 647583.545
0.910 0.499 0.812 647583.556
0.950 0.505 0.846 647583.567
0.951 0.498 0.861 647583.578
0.916 0.502 0.881 647583.590
0.863 0.506 0.894 647583.601
0.806 0.489 0.899 647583.612
0.763 0.480 0.909 647583.623
0.731 0.480 0.918 647583.634
0.694 0.475 0.925 647583.645
0.642 0.468 0.910 647583.657
0.540 0.447 0.901 647583.668
0.482 0.411 0.887 647583.679
0.453 0.351 0.880 647583.690
0.464 0.292 0.898 647583.701
0.483 0.255 0.911 647583.713
0.541 0.197 0.951 647583.724
0.560 0.245 0.986 647583.735
0.567 0.200 0.971 647583.746
0.490 0.192 0.871 647583.757
0.332 0.173 0.816 647583.769
0.199 0.233 0.694 647583.780
0.090 0.344 0.507 647583.791
-0.009 0.458 0.307 647583.802
-0.075 0.618 0.120 647583.813
-0.205 0.809 -0.082 647583.824
-0.396 0.862 -0.556 647583.836
-0.754 0.299 -1.405 647583.847
-0.605 0.053 -1.590 647583.858
-0.412 0.152 -1.757 647583.869
-0.227 0.187 -2.042 647583.880
-0.118 0.124 -2.342 647583.892
-0.018 0.081 -2.442 647583.903
0.130 0.101 -2.278 647583.914
0.310 0.139 -1.978 647583.925
0.504 0.084 -1.442 647583.936
0.517 0.090 -1.256 647583.948
0.493 0.117 -1.073 647583.959
0.447 0.143 -0.947 647583.970
0.417 0.171 -0.863 647583.981
0.412 0.193 -0.783 647583.992
0.430 0.200 -0.687 647584.003
0.437 0.227 -0.596 647584.015
0.487 0.238 -0.431 647584.026
0.500 0.289 -0.329 647584.037
0.493 0.332 -0.228 647584.048
0.501 0.360 -0.125 647584.059
0.495 0.407 -0.050 647584.071
0.523 0.451 -0.005 647584.082
0.538 0.477 0.035 647584.093
0.552 0.523 0.065 647584.104
0.618 0.575 0.146 647584.115
0.652 0.615 0.156 647584.127
0.668 0.645 0.143 647584.138
0.674 0.690 0.125 647584.149
0.709 0.746 0.122 647584.160
0.736 0.784 0.118 647584.171
0.757 0.810 0.083 647584.182
0.777 0.819 0.045 647584.194
0.849 0.803 0.068 647584.205
0.843 0.803 0.048 647584.216
0.657 0.815 -0.167 647584.227
0.677 0.795 -0.188 647584.238
0.681 0.767 -0.182 647584.250
0.672 0.750 -0.179 647584.261
0.675 0.734 -0.193 647584.272
0.675 0.716 -0.217 647584.283
0.681 0.698 -0.266 647584.294
0.749 0.696 -0.294 647584.306
0.772 0.691 -0.302 647584.317
0.810 0.676 -0.309 647584.328
0.840 0.675 -0.318 647584.339
0.887 0.671 -0.316 647584.350
0.919 0.678 -0.316 647584.361
0.954 0.687 -0.315 647584.373
1.002 0.700 -0.289 647584.384
1.041 0.737 -0.232 647584.395
1.055 0.752 -0.246 647584.406
1.057 0.773 -0.248 647584.417
1.069 0.790 -0.281 647584.429
1.094 0.791 -0.327 647584.440
1.136 0.771 -0.342 647584.451
1.169 0.745 -0.346 647584.462
1.174 0.711 -0.352 647584.473
1.113 0.652 -0.311 647584.485
1.074 0.627 -0.251 647584.496
1.040 0.600 -0.212 647584.507
1.063 0.527 -0.271 647584.518
1.134 0.459 -0.270 647584.529
1.261 0.397 -0.257 647584.540
1.319 0.335 -0.279 647584.552
1.306 0.291 -0.313 647584.563
0.897 0.269 -0.317 647584.574
0.578 0.199 -0.281 647584.585
0.182 0.074 -0.163 647584.596
-0.052 -0.075 -0.030 647584.608
0.005 -0.186 0.033 647584.619
0.174 -0.268 0.052 647584.630
0.127 -0.362 0.082 647584.641
-0.000 -0.442 0.167 647584.652
0.002 -0.641 0.224 647584.664
0.091 -0.709 0.152 647584.675
0.149 -0.758 0.051 647584.686
0.110 -0.827 0.027 647584.697
-0.188 -0.870 0.080 647584.708
-0.467 -0.880 0.283 647584.719
-0.610 -0.929 0.421 647584.731
-0.640 -0.936 0.505 647584.742
-0.470 -0.872 0.606 647584.753
-0.354 -0.829 0.600 647584.764
-0.254 -0.758 0.586 647584.775
-0.145 -0.693 0.629 647584.787
-0.063 -0.626 0.686 647584.798
0.001 -0.541 0.683 647584.809
0.095 -0.458 0.606 647584.820
0.177 -0.383 0.472 647584.831
0.216 -0.281 0.360 647584.843
0.255 -0.220 0.286 647584.854
0.341 -0.151 0.222 647584.865
0.435 -0.087 0.157 647584.876
0.520 -0.032 0.131 647584.887
0.550 0.006 0.093 647584.898
0.586 0.052 0.083 647584.910
0.590 0.103 0.090 647584.921
0.645 0.151 0.129 647584.932
0.663 0.208 0.136 647584.943
0.696 0.257 0.053 647584.954
0.737 0.297 -0.046 647584.966
0.729 0.321 -0.140 647584.977
0.620 0.336 -0.196 647584.988
0.583 0.344 -0.200 647584.999
0.606 0.368 -0.249 647585.010
0.676 0.357 -0.349 647585.022
0.630 0.373 -0.355 647585.033
0.599 0.362 -0.403 647585.044
0.597 0.372 -0.463 647585.055
0.611 0.394 -0.537 647585.066
0.644 0.388 -0.633 647585.077
0.660 0.357 -0.696 647585.089
0.657 0.352 -0.706 647585.100
0.684 0.400 -0.611 647585.111
0.696 0.406 -0.588 647585.122
0.725 0.408 -0.568 647585.133
0.746 0.422 -0.541 647585.145
0.744 0.456 -0.509 647585.156
0.741 0.489 -0.483 647585.167
0.745 0.504 -0.502 647585.178
0.777 0.522 -0.532 647585.189
0.808 0.557 -0.588 647585.201
0.776 0.567 -0.601 647585.212
0.725 0.569 -0.613 647585.223
0.636 0.568 -0.656 647585.234
0.634 0.578 -0.657 647585.245
0.639 0.576 -0.654 647585.256
0.625 0.572 -0.652 647585.268
0.639 0.582 -0.623 647585.279
0.628 0.592 -0.454 647585.290
0.689 0.594 -0.329 647585.301
0.723 0.551 -0.271 647585.312
0.768 0.501 -0.154 647585.324
0.808 0.418 -0.009 647585.335
0.816 0.263 0.057 647585.346
0.788 0.075 0.128 647585.357
0.738 -0.120 0.269 647585.368
0.528 -0.578 0.451 647585.380
0.483 -0.825 0.467 647585.391
0.509 -1.033 0.513 647585.402
0.530 -1.154 0.628 647585.413
0.530 -1.183 0.739 647585.424
0.532 -1.137 0.861 647585.435
0.610 -0.978 0.828 647585.447
0.694 -0.756 0.783 647585.458
0.901 -0.369 0.497 647585.469
0.935 -0.266 0.316 647585.480
0.871 -0.201 0.164 647585.491
0.752 -0.165 0.070 647585.503
0.855 0.006 -0.147 647585.514
0.749 0.061 -0.242 647585.525
0.617 0.155 -0.295 647585.536
0.474 0.201 -0.420 647585.547
0.353 0.245 -0.467 647585.559
0.249 0.299 -0.492 647585.570
0.183 0.361 -0.513 647585.581
0.171 0.405 -0.545 647585.592
0.146 0.449 -0.585 647585.603
0.130 0.478 -0.618 647585.614
0.159 0.521 -0.625 647585.626
0.166 0.589 -0.625 647585.637
0.196 0.619 -0.657 647585.648
0.180 0.648 -0.671 647585.659
0.157 0.731 -0.688 647585.670
0.135 0.773 -0.719 647585.682
0.101 0.806 -0.720 647585.693
0.100 0.833 -0.719 647585.704
0.140 0.844 -0.701 647585.715
0.186 0.835 -0.699 647585.726
0.235 0.842 -0.675 647585.738
0.292 0.846 -0.648 647585.749
0.401 0.871 -0.566 647585.760
0.438 0.875 -0.539 647585.771
0.467 0.875 -0.528 647585.782
0.479 0.879 -0.501 647585.793
0.488 0.887 -0.460 647585.805
0.508 0.884 -0.435 647585.816
0.526 0.879 -0.415 647585.827
0.535 0.878 -0.388 647585.838
0.545 0.863 -0.339 647585.849
0.581 0.856 -0.337 647585.861
0.604 0.845 -0.329 647585.872
0.629 0.836 -0.324 647585.883
0.641 0.823 -0.337 647585.894
0.661 0.814 -0.345 647585.905
0.650 0.803 -0.382 647585.917
0.641 0.786 -0.433 647585.928
0.602 0.766 -0.464 647585.939
0.575 0.755 -0.498 647585.950
0.555 0.756 -0.505 647585.961
0.556 0.762 -0.506 647585.972
0.546 0.765 -0.484 647585.984
0.561 0.778 -0.504 647585.995
0.591 0.787 -0.498 647586.006
0.587 0.807 -0.492 647586.017
0.522 0.857 -0.539 647586.028
0.515 0.866 -0.628 647586.040
0.555 0.875 -0.652 647586.051
0.605 0.826 -0.506 647586.062
0.666 0.698 -0.323 647586.073
0.761 0.546 -0.189 647586.084
0.866 0.307 -0.060 647586.096
0.957 0.045 0.059 647586.107
0.940 -0.573 -0.239 647586.118
0.924 -0.772 -0.151 647586.129
0.904 -0.940 -0.139 647586.140
0.845 -1.064 -0.195 647586.151
0.822 -1.176 -0.393 647586.163
0.860 -1.230 -0.703 647586.174
0.951 -1.310 -0.979 647586.185
0.871 -1.415 -1.174 647586.196
-0.082 -1.229 -1.228 647586.207
-0.647 -0.987 -1.132 647586.219
-1.269 -0.758 -1.018 647586.230
-1.756 -0.546 -0.869 647586.241
-1.708 -0.367 -0.709 647586.252
-1.192 -0.309 -0.561 647586.263
-0.603 -0.187 -0.481 647586.275
-0.128 -0.079 -0.394 647586.286
0.438 0.044 -0.473 647586.297
0.576 0.078 -0.481 647586.308
0.691 0.112 -0.431 647586.319
0.740 0.130 -0.359 647586.330
0.739 0.088 -0.284 647586.342
0.734 0.061 -0.177 647586.353
0.672 0.090 -0.083 647586.364
0.602 0.098 -0.073 647586.375
0.525 0.102 -0.023 647586.386
0.447 0.112 0.084 647586.398
0.476 0.101 0.181 647586.409
0.519 0.102 0.243 647586.420
0.538 0.076 0.274 647586.431
0.583 0.053 0.287 647586.442
0.616 0.038 0.277 647586.454
0.652 0.022 0.311 647586.465
0.698 0.000 0.376 647586.476
0.818 -0.011 0.484 647586.487
0.856 -0.029 0.516 647586.498
0.874 -0.045 0.536 647586.509
0.884 -0.076 0.548 647586.521
0.876 -0.106 0.574 647586.532
0.873 -0.126 0.596 647586.543
0.883 -0.148 0.623 647586.554
0.899 -0.164 0.634 647586.565
0.917 -0.223 0.735 647586.577
0.908 -0.230 0.809 647586.588
0.876 -0.250 0.822 647586.599
0.850 -0.260 0.812 647586.610
0.825 -0.264 0.802 647586.621
0.803 -0.280 0.779 647586.633
0.778 -0.296 0.743 647586.644
0.727 -0.297 0.716 647586.655
0.581 -0.278 0.746 647586.666
0.563 -0.244 0.785 647586.677
0.571 -0.217 0.811 647586.688
0.609 -0.201 0.813 647586.700
0.643 -0.175 0.834 647586.711
0.663 -0.142 0.814 647586.722
0.669 -0.111 0.792 647586.733
0.637 -0.053 0.717 647586.744
0.522 0.177 0.470 647586.756
0.457 0.270 0.286 647586.767
0.347 0.351 0.054 647586.778
0.298 0.408 -0.194 647586.789
0.307 0.471 -0.450 647586.800
0.352 0.516 -0.768 647586.812
0.435 0.521 -1.167 647586.823
0.511 0.555 -1.518 647586.834
0.449 0.520 -1.927 647586.845
0.393 0.484 -2.138 647586.856
0.270 0.542 -2.165 647586.867
0.158 0.594 -2.092 647586.879
0.084 0.597 -1.887 647586.890
0.060 0.567 -1.617 647586.901
0.097 0.500 -1.360 647586.912
0.135 0.417 -1.153 647586.923
0.294 0.344 -0.930 647586.935
0.348 0.345 -0.881 647586.946
0.345 0.367 -0.843 647586.957
0.314 0.371 -0.827 647586.968
0.296 0.356 -0.786 647586.979
0.313 0.317 -0.682 647586.991
0.348 0.291 -0.518 647587.002
0.388 0.261 -0.366 647587.013
0.455 0.196 -0.299 647587.024
0.477 0.180 -0.275 647587.035
0.492 0.148 -0.240 647587.046
0.455 0.129 -0.208 647587.058
0.440 0.142 -0.184 647587.069
0.429 0.150 -0.139 647587.080
0.434 0.162 0.020 647587.091
0.442 0.172 0.190 647587.102
0.534 0.092 0.440 647587.114
0.573 0.046 0.541 647587.125
0.621 0.019 0.597 647587.136
0.686 -0.013 0.618 647587.147
0.705 -0.051 0.551 647587.158
0.690 -0.086 0.452 647587.170
0.678 -0.115 0.345 647587.181
0.658 -0.138 0.255 647587.192
0.720 -0.150 0.276 647587.203
0.768 -0.133 0.330 647587.214
0.795 -0.173 0.401 647587.225
0.806 -0.212 0.488 647587.237
0.808 -0.226 0.576 647587.248
0.824 -0.247 0.635 647587.259
0.832 -0.270 0.657 647587.270
0.826 -0.283 0.685 647587.281
0.855 -0.252 0.761 647587.293
0.841 -0.262 0.836 647587.304
0.793 -0.262 0.942 647587.315
0.736 -0.270 1.051 647587.326
0.689 -0.292 1.117 647587.337
0.647 -0.302 1.080 647587.349
0.600 -0.320 1.048 647587.360
0.550 -0.344 1.051 647587.371
0.404 -0.277 0.971 647587.382
0.327 -0.265 0.925 647587.393
0.243 -0.248 0.856 647587.404
0.169 -0.248 0.776 647587.416
0.152 -0.214 0.716 647587.427
0.155 -0.229 0.580 647587.438
0.196 -0.325 0.451 647587.449
0.302 -0.382 0.374 647587.460
0.359 -0.450 0.245 647587.472
0.354 -0.453 0.127 647587.483
0.303 -0.431 -0.066 647587.494
0.203 -0.414 -0.275 647587.505
0.118 -0.362 -0.469 647587.516
-0.121 -0.341 -0.685 647587.528
-0.232 -0.310 -0.900 647587.539
-0.260 -0.273 -1.131 647587.550
-0.156 -0.182 -1.488 647587.561
-0.094 -0.135 -1.622 647587.572
-0.029 -0.125 -1.666 647587.584
-0.002 -0.147 -1.655 647587.595
0.041 -0.196 -1.642 647587.606
0.088 -0.222 -1.668 647587.617
0.135 -0.273 -1.687 647587.628
0.250 -0.322 -1.618 647587.639
0.381 -0.383 -1.236 647587.651
0.403 -0.352 -1.226 647587.662
0.342 -0.178 -1.647 647587.673
0.291 -0.200 -1.553 647587.684
0.213 -0.197 -1.354 647587.695
0.070 -0.148 -1.156 647587.707
-0.021 -0.111 -1.022 647587.718
-0.024 -0.100 -0.897 647587.729
-0.013 -0.045 -0.793 647587.740
-0.006 0.041 -0.681 647587.751
0.048 0.156 -0.525 647587.762
0.136 0.290 -0.521 647587.774
0.305 0.424 -0.505 647587.785
0.411 0.543 -0.436 647587.796
0.437 0.620 -0.359 647587.807
0.456 0.644 -0.312 647587.818
0.473 0.701 -0.258 647587.830
0.506 0.761 -0.167 647587.841
0.561 0.735 0.022 647587.852
0.604 0.724 0.050 647587.863
0.654 0.713 0.033 647587.874
0.728 0.666 -0.049 647587.886
0.790 0.605 -0.145 647587.897
0.778 0.608 -0.194 647587.908
0.837 0.611 -0.168 647587.919
0.937 0.607 -0.106 647587.930
1.003 0.631 -0.006 647587.941
0.951 0.633 0.035 647587.953
0.919 0.618 0.075 647587.964
0.979 0.577 0.070 647587.975
1.095 0.537 0.055 647587.986
1.233 0.513 -0.008 647587.997
1.289 0.496 -0.067 647588.009
1.270 0.509 -0.004 647588.020
1.169 0.500 0.268 647588.031
1.111 0.475 0.366 647588.042
1.017 0.487 0.411 647588.053
0.922 0.432 0.460 647588.065
0.910 0.429 0.448 647588.076
0.913 0.437 0.374 647588.087
0.894 0.407 0.336 647588.098
0.851 0.433 0.296 647588.109
0.863 0.512 -0.091 647588.121
0.940 0.500 -0.162 647588.132
0.955 0.529 -0.268 647588.143
1.009 0.553 -0.401 647588.154
1.102 0.529 -0.542 647588.165
1.229 0.530 -0.553 647588.176
1.365 0.537 -0.433 647588.188
1.427 0.538 -0.306 647588.199
1.439 0.528 -0.166 647588.210
1.427 0.522 -0.162 647588.221
1.354 0.472 -0.157 647588.232
1.320 0.514 -0.144 647588.244
1.299 0.457 -0.142 647588.255
1.262 0.426 -0.082 647588.266
1.185 0.391 0.055 647588.277
1.058 0.360 0.202 647588.288
0.716 0.315 0.450 647588.299
0.500 0.268 0.443 647588.311
0.340 0.154 0.382 647588.322
0.136 0.016 0.310 647588.333
0.004 -0.108 0.344 647588.344
-0.046 -0.226 0.477 647588.355
-0.056 -0.318 0.616 647588.367
-0.120 -0.390 0.698 647588.378
-0.498 -0.579 0.402 647588.389
-0.659 -0.677 0.296 647588.400
-0.786 -0.758 0.323 647588.411
-0.892 -0.831 0.383 647588.423
-0.933 -0.892 0.390 647588.434
-0.921 -0.924 0.386 647588.445
-0.894 -0.938 0.351 647588.456
-0.859 -0.935 0.297 647588.467
-0.867 -0.932 0.276 647588.478
-0.912 -0.900 0.276 647588.490
-0.899 -0.853 0.296 647588.501
-0.833 -0.790 0.321 647588.512
-0.735 -0.716 0.367 647588.523
-0.635 -0.649 0.411 647588.534
-0.552 -0.580 0.429 647588.546
-0.480 -0.514 0.461 647588.557
-0.415 -0.467 0.518 647588.568
-0.337 -0.392 0.503 647588.579
-0.278 -0.348 0.525 647588.590
-0.194 -0.285 0.569 647588.602
-0.117 -0.234 0.604 647588.613
-0.070 -0.185 0.641 647588.624
-0.039 -0.158 0.684 647588.635
-0.025 -0.136 0.648 647588.646
-0.036 -0.086 0.617 647588.658
-0.075 -0.006 0.614 647588.669
-0.067 0.012 0.608 647588.680
-0.020 0.050 0.677 647588.691
0.020 0.125 0.730 647588.702
0.110 0.185 0.760 647588.713
0.209 0.259 0.743 647588.725
0.316 0.312 0.647 647588.736
0.364 0.387 0.488 647588.747
0.581 0.471 0.252 647588.758
0.687 0.488 0.230 647588.769
0.767 0.519 0.244 647588.781
0.875 0.543 0.237 647588.792
1.012 0.563 0.156 647588.803
1.128 0.595 0.058 647588.814
1.230 0.634 0.008 647588.825
1.295 0.673 0.050 647588.836
1.365 0.694 0.126 647588.848
1.352 0.706 0.147 647588.859
1.333 0.712 0.107 647588.870
1.379 0.731 0.118 647588.881
1.456 0.753 0.158 647588.892
1.496 0.751 0.176 647588.904
1.519 0.737 0.182 647588.915
1.530 0.721 0.172 647588.926
1.443 0.725 0.205 647588.937
1.369 0.725 0.224 647588.948
1.298 0.713 0.248 647588.960
1.256 0.702 0.288 647588.971
1.256 0.709 0.336 647588.982
1.266 0.705 0.413 647588.993
1.236 0.672 0.439 647589.004
1.230 0.659 0.434 647589.016
1.131 0.535 0.430 647589.027
1.056 0.530 0.444 647589.038
1.032 0.462 0.461 647589.049
1.017 0.433 0.473 647589.060
0.980 0.355 0.478 647589.071
0.763 0.302 0.496 647589.083
0.347 0.265 0.440 647589.094
-0.223 0.087 0.331 647589.105
-1.084 -0.613 0.636 647589.116
-1.187 -0.827 0.882 647589.127
-1.047 -0.894 1.031 647589.139
-0.825 -0.890 1.004 647589.150
-0.623 -0.911 0.851 647589.161
-0.510 -0.939 0.710 647589.172
-0.448 -0.912 0.565 647589.183
-0.405 -0.875 0.410 647589.195
-0.387 -0.839 0.073 647589.206
-0.349 -0.827 0.025 647589.217
-0.332 -0.777 0.049 647589.228
-0.387 -0.716 0.046 647589.239
-0.491 -0.638 -0.011 647589.250
-0.453 -0.582 -0.166 647589.262
-0.305 -0.529 -0.395 647589.273
-0.185 -0.484 -0.647 647589.284
-0.073 -0.446 -1.031 647589.295
-0.095 -0.410 -1.091 647589.306
-0.097 -0.330 -1.003 647589.318
-0.045 -0.242 -0.856 647589.329
-0.022 -0.129 -0.729 647589.340
0.028 -0.004 -0.658 647589.351
0.092 0.111 -0.632 647589.362
0.134 0.206 -0.640 647589.373
0.237 0.395 -0.578 647589.385
0.259 0.511 -0.573 647589.396
0.275 0.628 -0.555 647589.407
0.271 0.739 -0.515 647589.418
0.266 0.840 -0.455 647589.429
0.296 0.930 -0.395 647589.441
0.332 0.995 -0.336 647589.452
0.362 1.043 -0.291 647589.463
0.500 1.154 -0.279 647589.474
0.572 1.173 -0.273 647589.485
0.643 1.178 -0.217 647589.497
0.711 1.197 -0.124 647589.508
0.761 1.170 -0.011 647589.519
0.805 1.183 0.153 647589.530
0.867 1.207 0.301 647589.541
0.955 1.222 0.386 647589.553
1.133 1.250 0.313 647589.564
1.190 1.242 0.172 647589.575
1.220 1.229 0.037 647589.586
1.177 1.223 -0.065 647589.597
1.111 1.216 -0.135 647589.608
1.038 1.222 -0.135 647589.620
0.978 1.224 -0.086 647589.631
0.944 1.216 -0.005 647589.642
0.894 1.213 0.103 647589.653
0.882 1.197 0.138 647589.664
0.864 1.191 0.162 647589.676
0.860 1.184 0.180 647589.687
0.871 1.181 0.189 647589.698
0.900 1.168 0.183 647589.709
0.939 1.163 0.159 647589.720
0.957 1.139 0.121 647589.732
1.015 1.141 0.158 647589.743
1.066 1.137 0.187 647589.754
1.121 1.121 0.168 647589.765
1.220 1.109 0.167 647589.776
1.275 1.087 0.184 647589.787
1.237 1.064 0.200 647589.799
1.192 1.022 0.145 647589.810
1.146 0.959 0.137 647589.821
0.954 0.879 0.115 647589.832
0.810 0.749 0.082 647589.843
0.438 0.712 0.132 647589.855
-0.043 0.607 0.269 647589.866
-0.510 0.590 0.559 647589.877
-0.700 0.579 0.776 647589.888
-0.879 0.473 0.486 647589.899
-1.108 0.286 -0.179 647589.910
-1.283 -0.104 -1.657 647589.922
-1.304 -0.361 -2.312 647589.933
-1.375 -0.542 -2.839 647589.944
-1.321 -0.630 -2.940 647589.955
-1.134 -0.580 -2.715 647589.966
-0.877 -0.586 -2.309 647589.978
-0.665 -0.607 -1.874 647589.989
-0.503 -0.640 -1.452 647590.000
-0.317 -0.623 -0.874 647590.011
-0.224 -0.585 -0.710 647590.022
-0.161 -0.509 -0.619 647590.034
-0.114 -0.395 -0.569 647590.045
-0.062 -0.282 -0.514 647590.056
-0.035 -0.178 -0.504 647590.067
0.023 -0.107 -0.492 647590.078
0.090 -0.053 -0.493 647590.090
0.284 0.014 -0.520 647590.101
0.348 0.038 -0.520 647590.112
0.321 0.072 -0.462 647590.123
0.264 0.102 -0.402 647590.134
0.228 0.106 -0.376 647590.145
0.234 0.114 -0.365 647590.157
0.203 0.139 -0.356 647590.168
0.189 0.172 -0.362 647590.179
0.047 0.212 -0.343 647590.190
-0.021 0.267 -0.292 647590.201
-0.071 0.342 -0.280 647590.213
-0.075 0.420 -0.291 647590.224
-0.044 0.500 -0.341 647590.235
-0.087 0.578 -0.424 647590.246
-0.086 0.630 -0.476 647590.257
-0.034 0.689 -0.504 647590.269
0.048 0.756 -0.515 647590.280
0.310 0.909 -0.472 647590.291
0.409 0.977 -0.477 647590.302
0.533 1.022 -0.453 647590.313
0.647 1.082 -0.416 647590.324
0.762 1.099 -0.350 647590.336
0.887 1.092 -0.243 647590.347
0.998 1.091 -0.119 647590.358
1.089 1.095 0.016 647590.369
1.172 1.081 0.103 647590.380
1.184 1.084 0.047 647590.392
1.189 1.092 0.020 647590.403
1.198 1.094 0.028 647590.414
1.188 1.104 0.019 647590.425
1.160 1.092 -0.034 647590.436
1.123 1.082 -0.106 647590.448
1.058 1.064 -0.137 647590.459
0.987 1.040 -0.126 647590.470
0.875 1.022 -0.112 647590.481
0.844 1.006 -0.102 647590.492
0.814 1.003 -0.071 647590.503
0.812 0.999 -0.030 647590.515
0.815 0.992 -0.037 647590.526
0.834 0.987 -0.064 647590.537
0.864 0.996 -0.086 647590.548
0.876 1.000 -0.105 647590.559
0.821 0.979 -0.172 647590.571
0.766 0.965 -0.184 647590.582
0.700 0.963 -0.194 647590.593
0.639 0.955 -0.218 647590.604
0.629 0.951 -0.225 647590.615
0.627 0.915 -0.293 647590.627
0.662 0.854 -0.354 647590.638
0.764 0.797 -0.336 647590.649
0.699 0.706 -0.290 647590.660
0.716 0.549 -0.428 647590.671
0.770 0.374 -0.509 647590.682
0.781 0.187 -0.464 647590.694
0.515 -0.093 -0.431 647590.705
0.111 -0.417 -0.323 647590.716
-0.205 -0.720 -0.075 647590.727
-0.355 -1.035 0.067 647590.738
-0.254 -1.634 -0.247 647590.750
-0.406 -1.903 -0.439 647590.761
-0.808 -2.015 -0.333 647590.772
-1.089 -1.990 -0.255 647590.783
-1.101 -2.021 -0.327 647590.794
-0.961 -1.933 -0.431 647590.806
-0.733 -1.757 -0.478 647590.817
-0.490 -1.563 -0.558 647590.828
-0.232 -1.407 -0.705 647590.839
-0.003 -1.196 -0.734 647590.850
0.114 -0.990 -0.601 647590.861
0.102 -0.762 -0.534 647590.873
0.086 -0.378 -0.435 647590.884
0.095 -0.195 -0.398 647590.895
0.108 -0.014 -0.367 647590.906
0.160 0.162 -0.316 647590.917
0.217 0.301 -0.280 647590.929
0.277 0.415 -0.238 647590.940
0.368 0.525 -0.205 647590.951
0.470 0.604 -0.154 647590.962
0.718 0.688 -0.035 647590.973
0.810 0.707 -0.036 647590.985
0.901 0.730 -0.053 647590.996
0.981 0.739 -0.066 647591.007
1.069 0.737 -0.080 647591.018
1.136 0.733 -0.083 647591.029
1.196 0.720 -0.091 647591.040
1.225 0.697 -0.110 647591.052
1.242 0.645 -0.168 647591.063
1.218 0.623 -0.186 647591.074
1.183 0.598 -0.174 647591.085
1.150 0.589 -0.173 647591.096
1.144 0.582 -0.154 647591.108
1.113 0.581 -0.139 647591.119
1.074 0.584 -0.116 647591.130
1.049 0.603 -0.099 647591.141
0.970 0.606 -0.111 647591.152
0.907 0.623 -0.146 647591.164
0.918 0.601 -0.153 647591.175
0.968 0.586 -0.270 647591.186
1.015 0.568 -0.361 647591.197
1.112 0.538 -0.369 647591.208
1.233 0.436 -0.330 647591.219
1.328 0.337 -0.101 647591.231
1.078 0.179 0.310 647591.242
0.879 -0.003 0.293 647591.253
0.681 -0.209 0.299 647591.264
0.520 -0.365 0.401 647591.275
0.381 -0.592 0.409 647591.287
0.245 -0.738 0.409 647591.298
0.166 -0.894 0.293 647591.309
0.111 -1.051 0.057 647591.320
0.101 -1.443 -0.294 647591.331
0.087 -1.581 -0.273 647591.343
-0.063 -1.631 -0.100 647591.354
-0.206 -1.618 0.048 647591.365
-0.289 -1.584 0.184 647591.376
0.177 -0.802 -0.378 647591.387
0.223 -0.683 -0.350 647591.398
0.261 -0.591 -0.309 647591.410
0.263 -0.499 -0.297 647591.421
0.285 -0.337 -0.335 647591.432
0.301 -0.262 -0.418 647591.443
0.280 -0.175 -0.483 647591.454
0.291 -0.109 -0.562 647591.466
0.320 -0.055 -0.640 647591.477
0.346 -0.015 -0.688 647591.488
0.329 0.031 -0.733 647591.499
0.285 0.069 -0.778 647591.510
0.251 0.096 -0.821 647591.522
0.214 0.181 -0.931 647591.533
0.223 0.219 -0.962 647591.544
0.247 0.258 -0.957 647591.555
0.290 0.295 -0.913 647591.566
0.288 0.331 -0.801 647591.577
0.299 0.387 -0.692 647591.589
0.330 0.424 -0.701 647591.600
0.349 0.394 -0.735 647591.611
0.427 0.393 -0.689 647591.622
0.516 0.378 -0.675 647591.633
0.579 0.378 -0.679 647591.645
0.582 0.337 -0.660 647591.656
0.568 0.315 -0.545 647591.667
0.576 0.305 -0.437 647591.678
0.577 0.268 -0.357 647591.689
0.634 0.251 -0.251 647591.701
0.794 0.203 0.005 647591.712
0.833 0.161 0.078 647591.723
0.865 0.141 0.193 647591.734
0.898 0.099 0.274 647591.745
0.965 0.082 0.363 647591.756
1.031 0.094 0.474 647591.768
1.091 0.100 0.591 647591.779
1.160 0.113 0.677 647591.790
1.213 0.198 0.814 647591.801
1.178 0.239 0.881 647591.812
1.119 0.289 0.931 647591.824
1.058 0.351 0.935 647591.835
1.018 0.430 0.874 647591.846
1.006 0.498 0.756 647591.857
1.023 0.537 0.587 647591.868
1.064 0.574 0.458 647591.880
1.057 0.641 0.244 647591.891
1.026 0.666 0.142 647591.902
1.001 0.693 0.038 647591.913
0.995 0.707 -0.051 647591.924
0.979 0.729 -0.131 647591.935
0.968 0.756 -0.170 647591.947
0.948 0.775 -0.196 647591.958
0.937 0.778 -0.205 647591.969
0.929 0.781 -0.204 647591.980
0.945 0.777 -0.197 647591.991
0.992 0.756 -0.125 647592.003
0.973 0.771 -0.111 647592.014
0.884 0.771 -0.148 647592.025
0.843 0.803 -0.200 647592.036
0.803 0.845 -0.220 647592.047
0.738 0.860 -0.287 647592.059
0.669 0.823 -0.364 647592.070
0.612 0.762 -0.440 647592.081
0.424 0.677 -0.558 647592.092
0.191 0.600 -0.531 647592.103
-0.213 0.495 -0.329 647592.114
-0.488 0.350 -0.105 647592.126
-0.616 0.295 0.102 647592.137
-0.833 0.237 0.046 647592.148
-1.131 0.066 -0.428 647592.159
-1.320 -0.235 -0.969 647592.170
-1.433 -0.632 -1.390 647592.182
-1.192 -0.681 -1.406 647592.193
-1.048 -0.630 -1.427 647592.204
-0.995 -0.655 -1.567 647592.215
-0.920 -0.706 -1.716 647592.226
-0.762 -0.689 -1.681 647592.238
-0.589 -0.634 -1.518 647592.249
-0.423 -0.558 -1.304 647592.260
-0.148 -0.408 -0.998 647592.271
-0.055 -0.326 -0.943 647592.282
0.046 -0.251 -0.936 647592.293
0.110 -0.205 -0.941 647592.305
0.137 -0.170 -0.929 647592.316
0.133 -0.158 -0.897 647592.327
0.080 -0.144 -0.829 647592.338
0.032 -0.116 -0.754 647592.349
0.065 -0.039 -0.638 647592.361
0.128 0.021 -0.609 647592.372
0.197 0.081 -0.605 647592.383
0.237 0.140 -0.566 647592.394
0.228 0.216 -0.510 647592.405
0.234 0.290 -0.478 647592.417
0.226 0.370 -0.469 647592.428
0.173 0.436 -0.431 647592.439
0.320 0.566 -0.381 647592.450
0.407 0.618 -0.366 647592.461
0.496 0.632 -0.405 647592.472
0.574 0.641 -0.447 647592.484
0.643 0.655 -0.479 647592.495
0.719 0.607 -0.503 647592.506
0.768 0.564 -0.512 647592.517
0.746 0.547 -0.483 647592.528
0.723 0.544 -0.212 647592.540
0.713 0.544 -0.088 647592.551
0.671 0.504 0.023 647592.562
0.657 0.432 0.113 647592.573
0.704 0.366 0.184 647592.584
0.755 0.317 0.213 647592.596
0.836 0.278 0.244 647592.607
0.919 0.235 0.266 647592.618
0.996 0.179 0.513 647592.629
1.001 0.190 0.718 647592.640
1.015 0.199 0.944 647592.651
1.043 0.226 1.183 647592.663
1.082 0.272 1.330 647592.674
1.139 0.311 1.396 647592.685
1.199 0.366 1.387 647592.696
1.246 0.434 1.292 647592.707
1.219 0.538 0.876 647592.719
1.147 0.574 0.686 647592.730
1.067 0.592 0.522 647592.741
0.983 0.603 0.403 647592.752
0.916 0.606 0.298 647592.763
0.861 0.604 0.206 647592.775
0.814 0.608 0.120 647592.786
0.769 0.620 0.033 647592.797
0.735 0.617 -0.085 647592.808
0.722 0.618 -0.111 647592.819
0.711 0.616 -0.128 647592.830
0.684 0.616 -0.138 647592.842
0.660 0.635 -0.154 647592.853
0.660 0.661 -0.193 647592.864
0.690 0.661 -0.226 647592.875
0.718 0.659 -0.232 647592.886
0.725 0.691 -0.253 647592.898
0.701 0.696 -0.257 647592.909
0.667 0.712 -0.280 647592.920
0.669 0.713 -0.303 647592.931
0.684 0.677 -0.371 647592.942
0.695 0.632 -0.441 647592.954
0.655 0.612 -0.558 647592.965
0.572 0.615 -0.681 647592.976
0.322 0.605 -0.826 647592.987
0.231 0.542 -0.867 647592.998
0.114 0.525 -0.852 647593.009
0.064 0.466 -0.836 647593.021
0.005 0.383 -0.831 647593.032
-0.110 0.379 -0.740 647593.043
-0.349 0.559 -0.601 647593.054
-0.547 0.031 -0.963 647593.065
-1.235 -0.359 -0.985 647593.077
-1.274 -0.601 -0.935 647593.088
-1.295 -0.622 -0.992 647593.099
-1.289 -0.684 -1.244 647593.110
-1.228 -0.793 -1.586 647593.121
-1.057 -0.855 -1.788 647593.133
-0.811 -0.832 -1.762 647593.144
-0.569 -0.778 -1.540 647593.155
-0.243 -0.650 -0.899 647593.166
-0.181 -0.573 -0.667 647593.177
-0.129 -0.513 -0.501 647593.188
-0.125 -0.411 -0.426 647593.200
-0.263 -0.594 -0.861 647593.211
-0.205 -0.520 -0.613 647593.222
-0.176 -0.431 -0.465 647593.233
-0.173 -0.347 -0.416 647593.244
-0.163 -0.302 -0.464 647593.256
-0.127 -0.240 -0.528 647593.267
-0.031 -0.098 -0.584 647593.278
0.035 -0.058 -0.603 647593.289
0.079 -0.008 -0.573 647593.300
0.152 0.033 -0.537 647593.312
0.217 0.076 -0.542 647593.323
0.275 0.126 -0.499 647593.334
0.318 0.188 -0.465 647593.345
0.371 0.232 -0.460 647593.356
0.401 0.296 -0.403 647593.367
0.424 0.330 -0.342 647593.379
0.458 0.366 -0.322 647593.390
0.509 0.388 -0.347 647593.401
0.560 0.389 -0.390 647593.412
0.598 0.402 -0.430 647593.423
0.635 0.429 -0.454 647593.435
0.667 0.450 -0.475 647593.446
0.704 0.471 -0.443 647593.457
0.729 0.452 -0.418 647593.468
0.765 0.455 -0.413 647593.479
0.831 0.444 -0.400 647593.491
0.879 0.433 -0.397 647593.502
0.915 0.422 -0.356 647593.513
0.912 0.393 -0.294 647593.524
0.945 0.371 -0.183 647593.535
0.946 0.339 -0.040 647593.546
0.936 0.317 0.011 647593.558
0.917 0.278 0.047 647593.569
0.904 0.230 0.117 647593.580
0.895 0.190 0.180 647593.591
0.875 0.131 0.247 647593.602
0.842 0.073 0.371 647593.614
0.601 -0.046 1.096 647593.625
0.570 -0.058 1.190 647593.636
0.548 -0.070 1.224 647593.647
0.537 -0.053 1.127 647593.658
0.564 -0.052 1.022 647593.670
0.586 -0.046 0.925 647593.681
0.620 -0.024 0.842 647593.692
0.640 -0.001 0.756 647593.703
0.637 0.039 0.681 647593.714
0.631 0.082 0.597 647593.725
0.635 0.113 0.513 647593.737
0.669 0.164 0.370 647593.748
0.683 0.193 0.309 647593.759
0.687 0.222 0.264 647593.770
0.700 0.248 0.225 647593.781
0.707 0.266 0.191 647593.793
0.716 0.289 0.155 647593.804
0.731 0.314 0.105 647593.815
0.766 0.329 0.079 647593.826
0.822 0.334 0.046 647593.837
0.828 0.344 0.050 647593.849
0.838 0.358 0.053 647593.860
0.842 0.375 0.037 647593.871
0.858 0.400 0.018 647593.882
0.871 0.421 -0.028 647593.893
0.890 0.455 -0.091 647593.904
0.916 0.481 -0.142 647593.916
0.950 0.522 -0.222 647593.927
0.966 0.545 -0.250 647593.938
0.972 0.571 -0.278 647593.949
0.958 0.590 -0.319 647593.960
0.948 0.604 -0.338 647593.972
0.909 0.609 -0.330 647593.983
0.883 0.572 -0.281 647593.994
0.872 0.553 -0.238 647594.005
0.860 0.541 -0.421 647594.016
0.864 0.483 -0.626 647594.028
0.800 0.376 -0.885 647594.039
0.674 0.251 -1.006 647594.050
0.544 0.046 -0.980 647594.061
0.436 -0.227 -0.920 647594.072
0.253 -0.428 -0.637 647594.083
-0.042 -0.678 -0.292 647594.095
-0.570 -1.113 0.025 647594.106
-0.645 -1.295 -0.084 647594.117
-0.670 -1.494 -0.316 647594.128
-0.708 -1.655 -0.449 647594.139
-0.860 -1.731 -0.433 647594.151
-1.003 -1.734 -0.302 647594.162
-1.089 -1.719 -0.206 647594.173
-0.952 -1.603 -0.140 647594.184
-0.389 -1.250 -0.196 647594.195
-0.186 -1.056 -0.222 647594.207
-0.059 -0.899 -0.236 647594.218
-0.001 -0.755 -0.197 647594.229
-0.010 -0.623 -0.168 647594.240
-0.030 -0.497 -0.152 647594.251
-0.029 -0.373 -0.127 647594.263
-0.005 -0.237 -0.094 647594.274
0.214 -0.020 -0.117 647594.285
0.315 0.076 -0.133 647594.296
0.405 0.155 -0.134 647594.307
0.466 0.234 -0.130 647594.318
0.523 0.292 -0.135 647594.330
0.537 0.328 -0.141 647594.341
0.544 0.395 -0.142 647594.352
0.559 0.458 -0.143 647594.363
0.652 0.511 -0.187 647594.374
0.671 0.551 -0.206 647594.386
0.709 0.590 -0.204 647594.397
0.763 0.609 -0.198 647594.408
0.799 0.616 -0.171 647594.419
0.818 0.622 -0.143 647594.430
0.840 0.638 -0.131 647594.441
0.874 0.643 -0.137 647594.453
0.938 0.657 -0.137 647594.464
0.951 0.680 -0.152 647594.475
0.969 0.684 -0.174 647594.486
0.986 0.695 -0.203 647594.497
1.015 0.700 -0.210 647594.509
1.050 0.704 -0.198 647594.520
1.099 0.710 -0.188 647594.531
1.133 0.723 -0.174 647594.542
1.140 0.745 -0.121 647594.553
1.127 0.743 -0.116 647594.565
1.089 0.749 -0.110 647594.576
1.038 0.741 -0.094 647594.587
0.978 0.729 -0.085 647594.598
0.903 0.725 -0.067 647594.609
0.844 0.720 -0.048 647594.620
0.808 0.716 -0.038 647594.632
0.771 0.713 -0.036 647594.643
0.724 0.702 -0.057 647594.654
0.711 0.712 -0.047 647594.665
0.726 0.725 -0.044 647594.676
0.757 0.732 -0.120 647594.688
0.786 0.727 -0.187 647594.699
0.822 0.737 -0.254 647594.710
0.871 0.736 -0.269 647594.721
0.910 0.699 -0.317 647594.732
0.772 0.565 -0.201 647594.744
0.687 0.417 -0.179 647594.755
0.581 0.299 -0.179 647594.766
0.458 0.121 -0.129 647594.777
0.348 -0.117 -0.112 647594.788
0.020 -0.418 -0.068 647594.800
-0.259 -0.711 0.031 647594.811
-0.450 -1.004 -0.063 647594.822
-0.663 -1.658 -0.480 647594.833
-0.761 -1.884 -0.615 647594.844
-0.991 -1.927 -0.730 647594.855
-1.111 -1.876 -0.802 647594.867
-0.920 -1.819 -0.721 647594.878
-0.600 -1.635 -0.522 647594.889
-0.263 -1.408 -0.331 647594.900
0.060 -1.229 -0.170 647594.911
0.070 -0.871 0.021 647594.923
0.036 -0.724 0.052 647594.934
-0.054 -0.549 0.051 647594.945
-0.006 -0.445 0.034 647594.956
0.060 -0.293 0.048 647594.967
0.152 -0.166 0.010 647594.978
0.249 -0.040 -0.053 647594.990
0.343 0.057 -0.086 647595.001
-0.122 -0.290 0.030 647595.012
0.073 -0.043 -0.009 647595.023
0.183 0.051 -0.083 647595.034
0.263 0.153 -0.101 647595.046
0.316 0.234 -0.110 647595.057
0.319 0.282 -0.125 647595.068
0.278 0.321 -0.146 647595.079
0.255 0.391 -0.147 647595.090
0.293 0.471 -0.135 647595.102
0.429 0.558 -0.110 647595.113
0.495 0.579 -0.124 647595.124
0.541 0.584 -0.154 647595.135
0.570 0.584 -0.184 647595.146
0.619 0.588 -0.206 647595.158
0.665 0.586 -0.228 647595.169
0.694 0.578 -0.248 647595.180
0.690 0.572 -0.259 647595.191
0.638 0.590 -0.192 647595.202
0.663 0.587 -0.141 647595.213
0.703 0.598 -0.085 647595.225
0.742 0.608 -0.026 647595.236
0.776 0.619 0.025 647595.247
0.788 0.633 0.044 647595.258
0.801 0.647 0.051 647595.269
0.846 0.659 0.054 647595.281
0.887 0.664 0.054 647595.292
0.911 0.691 0.063 647595.303
0.897 0.703 0.075 647595.314
0.889 0.717 0.071 647595.325
0.890 0.719 0.044 647595.337
0.911 0.732 0.017 647595.348
0.942 0.733 -0.008 647595.359
0.986 0.743 -0.019 647595.370
1.029 0.749 -0.010 647595.381
1.007 0.769 -0.054 647595.392
0.964 0.773 -0.062 647595.404
0.946 0.779 -0.067 647595.415
0.933 0.792 -0.087 647595.426
0.919 0.787 -0.111 647595.437
0.913 0.790 -0.129 647595.448
0.904 0.796 -0.136 647595.460
0.895 0.790 -0.148 647595.471
0.868 0.756 -0.150 647595.482
0.881 0.746 -0.175 647595.493
0.896 0.718 -0.163 647595.504
0.909 0.658 -0.110 647595.515
0.921 0.579 -0.051 647595.527
0.962 0.475 0.075 647595.538
0.958 0.298 0.141 647595.549
0.894 0.163 0.257 647595.560
0.441 -0.241 0.358 647595.571
0.268 -0.593 0.290 647595.583
0.232 -0.876 0.272 647595.594
0.242 -1.141 0.128 647595.605
0.327 -1.265 -0.111 647595.616
-0.264 -1.300 -0.372 647595.627
-1.188 -1.441 -0.454 647595.639
-1.867 -1.557 -0.403 647595.650
-1.610 -1.736 -0.092 647595.661
-0.971 -1.689 -0.015 647595.672
-0.456 -1.527 0.030 647595.683
-0.207 -1.261 0.072 647595.695
-0.091 -1.003 0.086 647595.706
-0.058 -0.789 0.077 647595.717
-0.072 -0.615 0.055 647595.728
-0.108 -0.432 0.048 647595.739
0.104 -0.235 0.070 647595.750
0.238 -0.143 0.078 647595.762
0.355 -0.081 0.100 647595.773
0.397 -0.028 0.052 647595.784
0.420 0.014 -0.002 647595.795
0.428 0.054 -0.025 647595.806
0.435 0.094 -0.019 647595.818
0.414 0.138 -0.034 647595.829
0.328 0.162 -0.086 647595.840
0.378 0.182 -0.076 647595.851
0.419 0.213 -0.066 647595.862
0.480 0.257 -0.099 647595.874
0.551 0.280 -0.113 647595.885
0.619 0.280 -0.077 647595.896
0.622 0.312 -0.027 647595.907
0.589 0.352 -0.030 647595.918
0.646 0.415 -0.036 647595.929
0.661 0.448 -0.030 647595.941
0.703 0.480 -0.029 647595.952
0.770 0.503 -0.035 647595.963
0.848 0.522 -0.040 647595.974
0.950 0.537 -0.025 647595.985
1.063 0.543 -0.000 647595.997
1.186 0.549 -0.026 647596.008
1.371 0.512 0.024 647596.019
1.378 0.506 0.098 647596.030
1.353 0.510 0.170 647596.041
1.289 0.510 0.203 647596.052
1.222 0.505 0.203 647596.064
1.188 0.496 0.226 647596.075
1.181 0.483 0.223 647596.086
1.189 0.464 0.203 647596.097
1.164 0.443 0.181 647596.108
1.181 0.429 0.206 647596.120
1.204 0.412 0.212 647596.131
1.242 0.390 0.225 647596.142
1.243 0.378 0.238 647596.153
1.267 0.363 0.256 647596.164
1.350 0.330 0.342 647596.176
1.413 0.308 0.450 647596.187
1.352 0.305 0.582 647596.198
1.298 0.265 0.559 647596.209
1.171 0.271 0.500 647596.220
0.927 0.253 0.387 647596.232
0.805 0.178 0.318 647596.243
0.569 0.124 0.194 647596.254
0.337 -0.005 0.125 647596.265
0.135 -0.139 0.165 647596.276
-0.526 -0.459 0.177 647596.287
-0.601 -0.572 0.142 647596.299
-0.655 -0.595 0.133 647596.310
-0.754 -0.591 0.072 647596.321
-0.919 -0.672 -0.170 647596.332
-1.020 -0.749 -0.345 647596.343
-1.176 -0.771 -0.379 647596.355
-1.368 -0.815 -0.384 647596.366
-1.597 -0.923 -0.009 647596.377
-1.580 -0.903 0.269 647596.388
-1.545 -0.862 0.487 647596.399
-1.452 -0.822 0.681 647596.411
-1.255 -0.726 0.834 647596.422
-0.990 -0.563 0.867 647596.433
-0.713 -0.379 0.778 647596.444
-0.472 -0.238 0.618 647596.455
-0.073 -0.156 0.355 647596.466
0.028 -0.116 0.220 647596.478
0.076 -0.101 0.132 647596.489
0.106 -0.086 0.098 647596.500
0.134 -0.060 0.093 647596.511
0.160 -0.018 0.156 647596.522
0.187 0.046 0.262 647596.534
0.245 0.134 0.321 647596.545
0.459 0.191 0.212 647596.556
0.567 0.205 0.145 647596.567
0.621 0.216 0.057 647596.578
0.644 0.205 0.016 647596.590
0.553 0.171 -0.049 647596.601
0.427 0.124 -0.090 647596.612
0.386 0.099 -0.082 647596.623
0.437 0.113 -0.033 647596.634
0.384 0.115 0.066 647596.645
0.453 0.135 0.103 647596.657
0.550 0.169 0.107 647596.668
0.638 0.194 0.108 647596.679
0.628 0.188 0.047 647596.690
0.600 0.167 0.034 647596.701
0.513 0.174 0.037 647596.713
0.466 0.187 0.058 647596.724
0.517 0.256 0.099 647596.735
0.548 0.288 0.085 647596.746
0.610 0.324 0.050 647596.757
0.667 0.354 0.019 647596.769
0.679 0.373 -0.007 647596.780
0.603 0.393 -0.024 647596.791
0.389 0.413 -0.028 647596.802
0.385 0.434 -0.046 647596.813
0.486 0.475 -0.087 647596.824
0.762 0.493 -0.127 647596.836
0.776 0.523 -0.139 647596.847
0.768 0.534 -0.130 647596.858
0.790 0.540 -0.104 647596.869
0.784 0.533 -0.082 647596.880
0.739 0.543 0.010 647596.892
0.704 0.557 0.074 647596.903
0.677 0.586 0.071 647596.914
0.657 0.586 -0.010 647596.925
0.572 0.572 -0.019 647596.936
0.592 0.569 0.022 647596.948
0.654 0.573 0.087 647596.959
0.690 0.604 0.112 647596.970
0.672 0.623 0.086 647596.981
0.656 0.637 0.029 647596.992
0.604 0.640 0.016 647597.003
0.521 0.602 0.037 647597.015
0.551 0.595 0.105 647597.026
0.623 0.577 0.201 647597.037
0.651 0.554 0.277 647597.048
0.730 0.517 0.354 647597.059
0.816 0.457 0.438 647597.071
0.875 0.390 0.547 647597.082
0.869 0.327 0.619 647597.093
0.752 0.178 0.591 647597.104
0.781 0.106 0.557 647597.115
0.821 0.111 0.370 647597.127
-0.295 0.778 -1.129 647597.138
-0.640 0.740 -1.361 647597.149
-0.819 0.642 -1.476 647597.160
-0.746 0.564 -1.533 647597.171
-0.543 0.512 -1.719 647597.182
-0.265 0.435 -1.908 647597.194
0.099 0.348 -1.848 647597.205
0.135 0.352 -1.585 647597.216
0.127 0.357 -1.252 647597.227
0.129 0.323 -0.946 647597.238
0.135 0.259 -0.678 647597.250
0.171 0.204 -0.481 647597.261
0.221 0.194 -0.355 647597.272
0.244 0.204 -0.270 647597.283
0.325 0.245 -0.083 647597.294
0.354 0.261 0.026 647597.306
0.360 0.276 0.086 647597.317
0.350 0.274 0.119 647597.328
0.344 0.260 0.123 647597.339
0.360 0.254 0.163 647597.350
0.375 0.266 0.237 647597.361
0.380 0.280 0.282 647597.373
0.370 0.282 0.291 647597.384
0.382 0.261 0.316 647597.395
0.389 0.213 0.364 647597.406
0.383 0.194 0.374 647597.417
0.397 0.184 0.360 647597.429
0.418 0.198 0.361 647597.440
0.455 0.201 0.365 647597.451
0.493 0.202 0.358 647597.462
0.522 0.226 0.349 647597.473
0.553 0.237 0.319 647597.485
0.612 0.226 0.260 647597.496
0.658 0.227 0.245 647597.507
0.699 0.219 0.233 647597.518
0.719 0.222 0.218 647597.529
0.730 0.206 0.197 647597.540
0.738 0.227 0.189 647597.552
0.728 0.224 0.205 647597.563
0.707 0.232 0.191 647597.574
0.620 0.259 0.190 647597.585
0.613 0.241 0.190 647597.596
0.602 0.237 0.178 647597.608
0.613 0.222 0.159 647597.619
0.624 0.228 0.133 647597.630
0.658 0.231 0.117 647597.641
0.670 0.226 0.108 647597.652
0.687 0.234 0.121 647597.664
0.700 0.285 0.239 647597.675
0.716 0.283 0.260 647597.686
0.722 0.321 0.310 647597.697
0.678 0.336 0.363 647597.708
0.639 0.285 0.403 647597.719
0.750 0.265 0.352 647597.731
0.712 0.206 0.401 647597.742
0.703 0.118 0.497 647597.753
0.689 0.075 0.719 647597.764
0.640 0.062 0.913 647597.775
0.301 0.074 0.831 647597.787
0.116 -0.095 0.718 647597.798
-0.060 -0.263 0.829 647597.809
-0.288 -0.358 1.006 647597.820
-0.529 -0.394 1.040 647597.831
-0.770 -0.388 0.976 647597.843
-1.042 -0.389 0.809 647597.854
-1.296 -0.445 0.640 647597.865
-1.789 -0.673 0.186 647597.876
-1.814 -0.639 0.048 647597.887
-1.563 -0.579 0.007 647597.898
-1.281 -0.485 0.042 647597.910
-1.019 -0.367 0.089 647597.921
-0.813 -0.269 0.052 647597.932
-0.635 -0.193 0.021 647597.943
-0.426 -0.084 0.099 647597.954
-0.010 0.126 0.151 647597.966
0.142 0.225 0.139 647597.977
0.265 0.307 0.112 647597.988
0.369 0.357 0.099 647597.999
0.402 0.381 0.095 647598.010
0.467 0.383 0.083 647598.022
0.510 0.385 0.055 647598.033
0.570 0.354 0.030 647598.044
0.650 0.280 0.071 647598.055
0.641 0.249 0.091 647598.066
0.608 0.206 0.123 647598.077
0.602 0.165 0.199 647598.089
0.617 0.154 0.263 647598.100
0.627 0.142 0.294 647598.111
0.626 0.139 0.325 647598.122
0.627 0.114 0.343 647598.133
0.592 0.068 0.352 647598.145
0.563 0.068 0.372 647598.156
0.535 0.067 0.387 647598.167
0.487 0.084 0.387 647598.178
0.461 0.105 0.401 647598.189
0.453 0.133 0.414 647598.201
0.477 0.143 0.407 647598.212
0.502 0.157 0.400 647598.223
0.556 0.206 0.345 647598.234
0.578 0.229 0.328 647598.245
0.612 0.233 0.322 647598.256
0.625 0.231 0.345 647598.268
0.624 0.235 0.401 647598.279
0.616 0.240 0.462 647598.290
0.595 0.244 0.512 647598.301
0.571 0.244 0.542 647598.312
0.535 0.271 0.510 647598.324
0.525 0.281 0.489 647598.335
0.526 0.284 0.488 647598.346
0.534 0.287 0.511 647598.357
0.527 0.283 0.569 647598.368
0.511 0.271 0.660 647598.380
0.467 0.253 0.772 647598.391
0.378 0.210 0.898 647598.402
0.172 0.213 1.057 647598.413
0.087 0.229 1.128 647598.424
0.061 0.258 1.162 647598.435
0.046 0.283 1.140 647598.447
0.033 0.288 1.119 647598.458
0.006 0.309 1.085 647598.469
-0.016 0.318 0.994 647598.480
-0.027 0.360 0.853 647598.491
-0.015 0.568 0.309 647598.503
-0.086 0.720 0.067 647598.514
-0.172 0.948 -0.442 647598.525
-0.236 0.986 -1.182 647598.536
-0.285 0.870 -1.767 647598.547
-0.388 0.825 -2.481 647598.559
-0.446 0.687 -2.715 647598.570
-0.403 0.708 -2.770 647598.581
0.060 0.599 -2.610 647598.592
0.180 0.634 -2.273 647598.603
0.274 0.576 -1.834 647598.614
0.340 0.502 -1.398 647598.626
0.409 0.427 -1.105 647598.637
0.370 0.429 -0.921 647598.648
0.291 0.422 -0.756 647598.659
0.162 0.447 -0.605 647598.670
0.074 0.471 -0.430 647598.682
0.048 0.498 -0.376 647598.693
0.046 0.527 -0.296 647598.704
0.056 0.560 -0.199 647598.715
0.081 0.601 -0.123 647598.726
0.143 0.624 -0.063 647598.738
0.193 0.646 -0.009 647598.749
0.250 0.664 0.044 647598.760
0.322 0.667 0.088 647598.771
0.476 0.609 0.161 647598.782
0.534 0.595 0.157 647598.793
0.573 0.572 0.134 647598.805
0.574 0.554 0.126 647598.816
0.579 0.539 0.128 647598.827
0.576 0.521 0.123 647598.838
0.572 0.500 0.087 647598.849
0.570 0.485 0.044 647598.861
0.607 0.426 -0.009 647598.872
0.606 0.423 -0.045 647598.883
0.600 0.415 -0.064 647598.894
0.589 0.408 -0.075 647598.905
0.570 0.389 -0.087 647598.917
0.534 0.374 -0.106 647598.928
0.501 0.367 -0.127 647598.939
0.461 0.383 -0.152 647598.950
0.378 0.380 -0.120 647598.961
0.368 0.385 -0.147 647598.972
0.373 0.392 -0.197 647598.984
0.392 0.403 -0.265 647598.995
0.406 0.412 -0.326 647599.006
0.403 0.432 -0.381 647599.017
0.388 0.443 -0.432 647599.028
0.391 0.448 -0.461 647599.040
0.415 0.509 -0.469 647599.051
0.417 0.536 -0.501 647599.062
0.451 0.542 -0.525 647599.073
0.513 0.526 -0.561 647599.084
0.573 0.495 -0.578 647599.096
0.652 0.452 -0.602 647599.107
0.761 0.361 -0.621 647599.118
0.881 0.288 -0.661 647599.129
1.063 0.223 -0.740 647599.140
1.159 0.215 -0.819 647599.151
1.236 0.234 -0.883 647599.163
1.293 0.281 -0.909 647599.174
1.163 0.434 -0.915 647599.185
0.723 0.645 -0.927 647599.196
-0.026 1.000 -0.680 647599.207
-1.191 1.364 -0.284 647599.219
-1.084 0.185 1.638 647599.230
-0.777 -0.130 3.458 647599.241
-1.258 -0.160 3.534 647599.252
-1.210 -0.298 2.233 647599.263
-0.838 -0.271 1.376 647599.275
-0.291 -0.039 1.255 647599.286
0.084 0.096 1.240 647599.297
0.186 0.176 1.104 647599.308
0.132 0.083 0.887 647599.319
0.089 0.054 0.804 647599.331
0.051 0.061 0.690 647599.342
0.051 0.078 0.567 647599.353
0.096 0.109 0.434 647599.364
0.174 0.125 0.291 647599.375
0.248 0.145 0.141 647599.386
0.297 0.157 0.035 647599.398
0.399 0.126 -0.025 647599.409
0.448 0.132 0.008 647599.420
0.487 0.128 0.028 647599.431
0.519 0.116 0.039 647599.442
0.544 0.117 0.046 647599.454
0.560 0.113 0.028 647599.465
0.563 0.097 0.014 647599.476
0.556 0.066 0.020 647599.487
0.529 -0.024 0.027 647599.498
0.458 -0.029 0.035 647599.509
0.411 -0.054 0.066 647599.521
0.399 -0.070 0.083 647599.532
0.389 -0.074 0.086 647599.543
0.382 -0.073 0.099 647599.554
0.359 -0.056 0.110 647599.565
0.340 -0.029 0.114 647599.577
0.395 0.018 0.092 647599.588
0.440 0.047 0.101 647599.599
0.468 0.079 0.108 647599.610
0.485 0.106 0.150 647599.621
0.510 0.136 0.191 647599.633
0.521 0.164 0.218 647599.644
0.536 0.198 0.234 647599.655
0.545 0.230 0.234 647599.666
0.609 0.273 0.226 647599.677
0.630 0.308 0.241 647599.688
0.649 0.329 0.241 647599.700
0.668 0.332 0.261 647599.711
0.668 0.345 0.300 647599.722
0.672 0.364 0.346 647599.733
0.685 0.381 0.372 647599.744
0.694 0.396 0.371 647599.756
0.777 0.436 0.356 647599.767
0.916 0.413 0.466 647599.778
1.003 0.362 0.669 647599.789
0.970 0.317 0.869 647599.800
0.773 0.354 0.979 647599.812
0.558 0.411 1.060 647599.823
0.351 0.482 1.006 647599.834
0.160 0.537 0.905 647599.845
-0.133 0.680 0.675 647599.856
-0.245 0.769 0.580 647599.868
-0.333 0.910 0.360 647599.879
-0.492 1.110 -0.048 647599.890
-0.683 1.322 -0.828 647599.901
-0.827 1.302 -1.999 647599.912
-0.811 0.869 -3.141 647599.923
-0.913 0.544 -3.950 647599.935
-0.315 0.562 -3.578 647599.946
0.094 0.638 -2.963 647599.957
0.316 0.621 -2.224 647599.968
0.420 0.535 -1.647 647599.979
0.487 0.466 -1.260 647599.991
0.508 0.460 -0.971 647600.002
0.465 0.484 -0.735 647600.013
0.397 0.493 -0.544 647600.024
0.232 0.498 -0.216 647600.035
0.173 0.518 -0.122 647600.046
0.094 0.520 -0.028 647600.058
0.018 0.513 0.064 647600.069
-0.020 0.497 0.152 647600.080
0.003 0.473 0.193 647600.091
0.081 0.444 0.198 647600.102
0.183 0.417 0.154 647600.114
0.354 0.366 0.029 647600.125
0.381 0.350 -0.038 647600.136
0.384 0.335 -0.055 647600.147
0.350 0.302 -0.073 647600.158
0.327 0.272 -0.072 647600.170
0.324 0.260 -0.069 647600.181
0.325 0.244 -0.042 647600.192
0.321 0.240 -0.036 647600.203
0.318 0.199 -0.106 647600.214
0.322 0.178 -0.136 647600.225
0.343 0.177 -0.161 647600.237
0.361 0.175 -0.186 647600.248
0.338 0.168 -0.195 647600.259
0.313 0.168 -0.203 647600.270
0.299 0.155 -0.209 647600.281
0.301 0.151 -0.198 647600.293
0.356 0.145 -0.161 647600.304
0.318 0.118 -0.156 647600.315
0.215 0.089 -0.121 647600.326
0.151 0.076 -0.115 647600.337
0.149 0.075 -0.156 647600.349
0.175 0.078 -0.187 647600.360
0.209 0.047 -0.203 647600.371
0.148 0.003 -0.211 647600.382
0.090 -0.046 -0.201 647600.393
-0.041 -0.133 -0.225 647600.405
-0.105 -0.183 -0.244 647600.416
-0.255 -0.208 -0.257 647600.427
-0.414 -0.215 -0.282 647600.438
-0.494 -0.182 -0.277 647600.449
-0.552 -0.120 -0.282 647600.460
-0.525 -0.089 -0.301 647600.472
-0.493 -0.059 -0.319 647600.483
-0.397 0.069 -0.400 647600.494
-0.355 0.108 -0.416 647600.505
-0.267 0.164 -0.407 647600.516
-0.134 0.229 -0.416 647600.528
-0.036 0.296 -0.420 647600.539
0.068 0.378 -0.423 647600.550
0.172 0.438 -0.433 647600.561
0.261 0.482 -0.449 647600.572
0.435 0.620 -0.468 647600.583
0.482 0.688 -0.428 647600.595
0.512 0.737 -0.375 647600.606
0.495 0.784 -0.324 647600.617
0.469 0.828 -0.281 647600.628
0.441 0.871 -0.251 647600.639
0.425 0.911 -0.199 647600.651
0.388 0.950 -0.189 647600.662
0.376 0.957 -0.158 647600.673
0.378 0.925 -0.141 647600.684
0.368 0.886 -0.115 647600.695
0.348 0.831 -0.108 647600.707
0.331 0.783 -0.110 647600.718
0.297 0.733 -0.146 647600.729
0.264 0.675 -0.184 647600.740
0.222 0.626 -0.200 647600.751
0.176 0.467 -0.255 647600.763
0.141 0.423 -0.262 647600.774
0.100 0.377 -0.261 647600.785
0.060 0.359 -0.268 647600.796
0.022 0.364 -0.282 647600.807
0.004 0.370 -0.284 647600.818
-0.003 0.383 -0.303 647600.830
0.006 0.401 -0.317 647600.841
0.087 0.431 -0.313 647600.852
0.110 0.449 -0.308 647600.863
0.174 0.474 -0.308 647600.874
0.195 0.500 -0.292 647600.886
0.208 0.482 -0.269 647600.897
0.217 0.500 -0.247 647600.908
0.213 0.513 -0.189 647600.919
0.182 0.524 -0.144 647600.930
0.174 0.518 -0.131 647600.942
0.248 0.525 -0.118 647600.953
0.390 0.533 -0.058 647600.964
0.524 0.574 -0.027 647600.975
0.703 0.619 0.053 647600.986
0.845 0.706 0.150 647600.997
0.986 0.813 0.243 647601.009
1.111 0.957 0.366 647601.020
1.003 1.316 0.423 647601.031
0.937 1.569 0.424 647601.042
0.855 1.735 0.299 647601.053
0.757 1.864 0.223 647601.065
0.552 1.996 0.137 647601.076
0.247 2.109 -0.056 647601.087
-0.191 2.138 -0.272 647601.098
-0.963 2.144 -0.550 647601.109
-2.170 1.159 -1.770 647601.120
-2.201 0.500 -2.018 647601.132
-1.785 0.256 -2.184 647601.143
-1.230 0.145 -2.555 647601.154
-0.549 0.102 -2.675 647601.165
-0.046 0.111 -2.502 647601.176
0.228 0.090 -2.081 647601.188
0.348 0.051 -1.497 647601.199
0.223 -0.197 -0.562 647601.210
0.124 -0.157 -0.378 647601.221
0.051 -0.098 -0.332 647601.232
0.043 -0.059 -0.339 647601.244
0.097 -0.054 -0.386 647601.255
0.081 -0.013 -0.435 647601.266
0.072 0.018 -0.467 647601.277
0.071 0.068 -0.460 647601.288
0.081 0.127 -0.372 647601.300
0.080 0.134 -0.297 647601.311
0.101 0.128 -0.226 647601.322
0.139 0.120 -0.184 647601.333
0.165 0.129 -0.118 647601.344
0.183 0.128 -0.073 647601.355
0.212 0.132 -0.047 647601.367
0.265 0.129 -0.033 647601.378
0.344 0.127 -0.043 647601.389
0.354 0.116 -0.091 647601.400
0.367 0.110 -0.140 647601.411
0.368 0.113 -0.162 647601.423
0.369 0.121 -0.176 647601.434
0.384 0.120 -0.151 647601.445
0.380 0.125 -0.096 647601.456
0.368 0.150 -0.045 647601.467
0.366 0.162 0.001 647601.479
0.386 0.178 -0.009 647601.490
0.400 0.201 -0.037 647601.501
0.420 0.220 -0.079 647601.512
0.444 0.227 -0.124 647601.523
0.442 0.228 -0.151 647601.534
0.405 0.231 -0.139 647601.546
0.435 0.257 -0.124 647601.557
0.514 0.311 -0.122 647601.568
0.535 0.342 -0.167 647601.579
0.549 0.388 -0.224 647601.590
0.547 0.436 -0.290 647601.602
0.543 0.483 -0.356 647601.613
0.552 0.540 -0.419 647601.624
0.588 0.600 -0.471 647601.635
0.644 0.645 -0.467 647601.646
0.846 0.667 -0.189 647601.658
0.988 0.632 0.026 647601.669
1.173 0.597 0.285 647601.680
1.453 0.561 0.583 647601.691
1.756 0.468 0.788 647601.702
1.906 0.307 0.799 647601.713
1.874 0.279 0.744 647601.725
1.741 0.426 0.590 647601.736
1.204 0.880 -0.162 647601.747
0.821 1.196 -0.446 647601.758
0.141 1.456 -0.681 647601.769
-0.973 1.378 -0.779 647601.781
-1.842 0.669 -0.924 647601.792
-2.520 -0.126 -1.133 647601.803
-2.715 -0.200 -1.314 647601.814
-1.806 -0.092 -1.407 647601.825
-0.237 -0.362 -1.914 647601.837
0.083 -0.193 -2.000 647601.848
0.283 -0.156 -1.878 647601.859
0.346 -0.164 -1.568 647601.870
0.352 -0.045 -2.069 647601.881
0.408 -0.068 -1.791 647601.892
0.336 -0.044 -1.420 647601.904
0.157 -0.042 -1.076 647601.915
-0.106 -0.052 -0.743 647601.926
-0.395 0.011 -0.181 647601.937
-0.345 0.041 -0.029 647601.948
-0.183 0.065 0.046 647601.960
0.009 0.081 0.014 647601.971
0.149 0.104 -0.092 647601.982
0.256 0.112 -0.168 647601.993
0.324 0.127 -0.140 647602.004
0.327 0.140 -0.068 647602.016
0.233 0.099 -0.011 647602.027
0.198 0.098 -0.012 647602.038
0.206 0.106 -0.013 647602.049
0.214 0.111 0.001 647602.060
0.237 0.085 0.016 647602.071
0.272 0.081 0.029 647602.083
0.309 0.089 0.029 647602.094
0.296 0.078 -0.007 647602.105
0.346 0.046 -0.065 647602.116
0.353 0.044 -0.064 647602.127
0.338 0.025 -0.026 647602.139
0.307 0.012 0.026 647602.150
0.280 0.024 0.094 647602.161
0.265 0.038 0.106 647602.172
0.238 0.037 0.068 647602.183
0.157 0.039 0.039 647602.195
0.138 0.071 -0.061 647602.206
0.142 0.079 -0.152 647602.217
0.145 0.094 -0.250 647602.228
0.140 0.112 -0.311 647602.239
0.119 0.139 -0.308 647602.250
0.096 0.169 -0.326 647602.262
0.082 0.211 -0.346 647602.273
0.079 0.258 -0.397 647602.284
0.082 0.318 -0.422 647602.295
0.085 0.361 -0.406 647602.306
0.112 0.406 -0.412 647602.318
0.128 0.451 -0.407 647602.329
0.095 0.497 -0.417 647602.340
0.023 0.547 -0.416 647602.351
-0.011 0.596 -0.427 647602.362
-0.010 0.658 -0.483 647602.374
0.042 0.783 -0.565 647602.385
0.056 0.809 -0.638 647602.396
0.084 0.831 -0.705 647602.407
0.104 0.840 -0.724 647602.418
0.123 0.869 -0.687 647602.429
0.157 0.877 -0.637 647602.441
0.223 0.845 -0.586 647602.452
0.405 0.781 -0.532 647602.463
0.862 0.678 -0.441 647602.474
1.066 0.606 -0.497 647602.485
1.177 0.558 -0.550 647602.497
1.167 0.566 -0.560 647602.508
1.062 0.593 -0.526 647602.519
0.885 0.605 -0.472 647602.530
0.780 0.565 -0.388 647602.541
0.700 0.474 -0.261 647602.553
0.541 0.175 0.043 647602.564
0.317 -0.051 0.234 647602.575
0.079 -0.328 0.440 647602.586
-0.125 -0.628 0.671 647602.597
-0.309 -0.997 0.785 647602.608
-0.481 -1.228 0.834 647602.620
-0.604 -1.361 0.648 647602.631
-0.622 -1.287 0.358 647602.642
-0.414 -0.988 -0.237 647602.653
-0.256 -0.785 -0.383 647602.664
-0.099 -0.613 -0.474 647602.676
0.022 -0.440 -0.461 647602.687
0.076 -0.268 -0.400 647602.698
0.094 -0.148 -0.321 647602.709
0.065 -0.085 -0.228 647602.720
0.017 -0.004 -0.181 647602.732
-0.003 0.085 -0.190 647602.743
0.003 0.088 -0.222 647602.754
0.042 0.095 -0.234 647602.765
0.057 0.078 -0.240 647602.776
0.075 0.056 -0.287 647602.787
0.074 0.047 -0.314 647602.799
0.092 0.025 -0.314 647602.810
0.091 -0.010 -0.314 647602.821
0.113 0.014 -0.327 647602.832
0.099 -0.013 -0.318 647602.843
0.085 0.010 -0.267 647602.855
0.067 0.031 -0.256 647602.866
0.029 0.044 -0.278 647602.877
0.039 0.101 -0.278 647602.888
0.054 0.151 -0.283 647602.899
0.064 0.207 -0.297 647602.911
0.110 0.299 -0.330 647602.922
0.133 0.346 -0.347 647602.933
0.157 0.372 -0.366 647602.944
0.181 0.396 -0.378 647602.955
0.215 0.416 -0.399 647602.966
0.251 0.446 -0.420 647602.978
0.275 0.469 -0.421 647602.989
0.287 0.493 -0.423 647603.000
0.315 0.538 -0.451 647603.011
0.335 0.544 -0.465 647603.022
0.353 0.557 -0.494 647603.034
0.371 0.571 -0.513 647603.045
0.373 0.586 -0.523 647603.056
0.364 0.588 -0.528 647603.067
0.353 0.608 -0.542 647603.078
0.356 0.625 -0.534 647603.090
0.384 0.648 -0.477 647603.101
0.410 0.672 -0.455 647603.112
0.470 0.691 -0.409 647603.123
0.551 0.704 -0.349 647603.134
0.636 0.739 -0.281 647603.145
0.735 0.771 -0.247 647603.157
0.836 0.820 -0.181 647603.168
0.960 0.857 -0.119 647603.179
1.167 0.873 0.189 647603.190
1.281 0.888 0.342 647603.201
1.340 0.936 0.485 647603.213
1.404 0.956 0.609 647603.224
1.390 1.000 0.612 647603.235
1.296 1.017 0.529 647603.246
1.104 1.067 0.435 647603.257
0.671 1.160 0.212 647603.269
-0.556 1.561 -0.281 647603.280
-1.511 1.433 -0.406 647603.291
-2.090 1.078 -0.795 647603.302
-2.595 0.669 -1.813 647603.313
-2.721 0.308 -2.869 647603.324
-1.890 -0.190 -3.323 647603.336
-1.081 -0.222 -3.078 647603.347
-0.429 -0.022 -2.654 647603.358
0.272 -0.048 -1.596 647603.369
0.274 -0.099 -1.062 647603.380
0.151 -0.159 -0.563 647603.392
-0.021 -0.187 -0.226 647603.403
-0.168 -0.154 -0.131 647603.414
-0.262 -0.084 -0.156 647603.425
-0.306 -0.047 -0.182 647603.436
-0.297 0.021 -0.176 647603.448
-0.097 0.042 -0.270 647603.459
0.011 0.081 -0.292 647603.470
0.119 0.122 -0.269 647603.481
0.182 0.143 -0.227 647603.492
0.207 0.155 -0.214 647603.503
0.194 0.159 -0.152 647603.515
0.168 0.158 -0.084 647603.526
0.180 0.151 -0.003 647603.537
0.261 0.136 0.074 647603.548
0.299 0.135 0.071 647603.559
0.304 0.124 0.066 647603.571
0.288 0.136 0.057 647603.582
0.301 0.126 0.056 647603.593
0.333 0.141 0.056 647603.604
0.358 0.174 0.069 647603.615
0.335 0.196 0.034 647603.627
0.286 0.188 0.039 647603.638
0.256 0.246 0.180 647603.649
0.239 0.283 0.231 647603.660
0.245 0.313 0.267 647603.671
0.301 0.316 0.258 647603.682
0.389 0.267 0.246 647603.694
0.459 0.226 0.253 647603.705
0.516 0.218 0.329 647603.716
0.558 0.264 0.465 647603.727
0.603 0.323 0.629 647603.738
0.618 0.333 0.650 647603.750
0.623 0.315 0.671 647603.761
0.606 0.283 0.720 647603.772
0.581 0.257 0.783 647603.783
0.553 0.249 0.835 647603.794
0.520 0.237 0.867 647603.806
0.491 0.225 0.881 647603.817
0.455 0.224 0.793 647603.828
0.445 0.227 0.766 647603.839
0.409 0.220 0.770 647603.850
0.289 0.223 0.741 647603.861
0.149 0.203 0.699 647603.873
0.073 0.149 0.642 647603.884
0.062 0.079 0.620 647603.895
0.110 0.022 0.596 647603.906
0.074 0.083 0.460 647603.917
0.095 0.125 0.384 647603.929
0.053 0.212 0.220 647603.940
-0.614 0.381 -1.446 647603.951
-0.632 0.205 -1.754 647603.962
-0.418 0.143 -1.883 647603.973
-0.133 0.132 -1.887 647603.985
0.044 0.155 -1.858 647603.996
0.026 0.378 -1.797 647604.007
0.148 0.270 -1.317 647604.018
0.147 0.271 -1.066 647604.029
0.141 0.233 -0.821 647604.040
0.154 0.185 -0.660 647604.052
0.147 0.169 -0.618 647604.063
0.122 0.194 -0.604 647604.074
0.094 0.216 -0.561 647604.085
0.065 0.241 -0.483 647604.096
0.065 0.268 -0.280 647604.108
0.074 0.268 -0.186 647604.119
0.097 0.277 -0.119 647604.130
0.122 0.280 -0.087 647604.141
0.131 0.299 -0.067 647604.152
0.154 0.316 -0.041 647604.164
0.176 0.311 -0.018 647604.175
0.214 0.304 -0.011 647604.186
0.277 0.283 -0.015 647604.197
0.308 0.290 -0.018 647604.208
0.319 0.302 -0.002 647604.219
0.306 0.320 0.019 647604.231
0.296 0.333 0.028 647604.242
0.304 0.335 0.027 647604.253
0.335 0.336 0.008 647604.264
0.355 0.338 -0.023 647604.275
0.374 0.346 -0.043 647604.287
0.444 0.363 -0.016 647604.298
0.470 0.377 -0.014 647604.309
0.492 0.392 -0.005 647604.320
0.499 0.409 0.005 647604.331
0.507 0.423 0.009 647604.343
0.518 0.442 0.002 647604.354
0.520 0.455 0.012 647604.365
0.466 0.439 -0.121 647604.376
0.479 0.451 -0.128 647604.387
0.491 0.470 -0.084 647604.399
0.490 0.470 -0.098 647604.410
0.493 0.477 -0.116 647604.421
0.486 0.486 -0.151 647604.432
0.486 0.502 -0.175 647604.443
0.500 0.509 -0.181 647604.454
0.537 0.503 -0.138 647604.466
0.566 0.502 -0.048 647604.477
0.626 0.503 0.132 647604.488
0.660 0.497 0.172 647604.499
0.707 0.485 0.224 647604.510
0.756 0.454 0.316 647604.522
0.830 0.401 0.465 647604.533
0.879 0.380 0.680 647604.544
0.942 0.280 0.903 647604.555
0.931 0.238 1.087 647604.566
0.823 0.220 1.128 647604.577
0.779 0.246 1.129 647604.589
0.737 0.336 1.094 647604.600
0.693 0.403 1.011 647604.611
0.659 0.513 0.850 647604.622
0.574 0.611 0.657 647604.633
0.389 0.662 0.374 647604.645
0.044 0.712 -0.102 647604.656
-0.492 0.509 -1.084 647604.667
-0.702 0.210 -1.424 647604.678
-0.766 -0.104 -1.657 647604.689
-0.703 -0.249 -1.750 647604.701
-0.577 -0.246 -1.843 647604.712
-0.392 -0.195 -1.845 647604.723
-0.224 -0.117 -1.757 647604.734
-0.102 -0.089 -1.540 647604.745
0.019 -0.105 -0.977 647604.756
-0.001 -0.085 -0.682 647604.768
-0.029 -0.081 -0.469 647604.779
-0.044 -0.056 -0.387 647604.790
-0.049 -0.010 -0.338 647604.801
-0.015 0.053 -0.302 647604.812
0.040 0.102 -0.261 647604.824
0.101 0.138 -0.227 647604.835
0.122 0.188 -0.104 647604.846
0.162 0.191 -0.038 647604.857
0.225 0.193 -0.013 647604.868
0.266 0.206 0.007 647604.880
0.311 0.219 0.012 647604.891
0.335 0.210 0.044 647604.902
0.355 0.196 0.081 647604.913
0.372 0.183 0.104 647604.924
0.389 0.160 0.124 647604.936
0.387 0.138 0.143 647604.947
0.327 0.085 0.152 647604.958
0.310 0.054 0.133 647604.969
0.294 0.058 0.051 647604.980
0.233 0.080 -0.072 647604.991
0.184 0.091 -0.227 647605.003
0.144 0.097 -0.438 647605.014
0.093 0.075 -0.627 647605.025
0.058 0.042 -0.757 647605.036
0.069 0.027 -0.686 647605.047
0.072 0.036 -0.602 647605.059
0.067 0.074 -0.527 647605.070
0.093 0.117 -0.496 647605.081
0.071 0.155 -0.506 647605.092
0.047 0.177 -0.501 647605.103
0.038 0.211 -0.498 647605.114
0.048 0.243 -0.491 647605.126
0.080 0.260 -0.471 647605.137
0.083 0.360 -0.144 647605.148
0.114 0.249 -0.101 647605.159
0.085 0.165 -0.086 647605.170
0.093 0.082 -0.076 647605.182
0.115 -0.019 -0.098 647605.193
0.118 -0.141 -0.140 647605.204
0.091 -0.200 -0.189 647605.215
0.032 -0.208 -0.222 647605.226
-0.014 -0.170 -0.247 647605.238
0.009 -0.017 -0.310 647605.249
-0.007 0.041 -0.333 647605.260
-0.057 0.111 -0.344 647605.271
-0.112 0.162 -0.353 647605.282
-0.186 0.225 -0.362 647605.293
-0.242 0.312 -0.376 647605.305
-0.269 0.395 -0.388 647605.316
-0.264 0.470 -0.400 647605.327
-0.260 0.633 -0.418 647605.338
-0.281 0.673 -0.442 647605.349
-0.299 0.671 -0.491 647605.361
-0.288 0.684 -0.529 647605.372
-0.267 0.692 -0.568 647605.383
-0.219 0.706 -0.559 647605.394
-0.136 0.717 -0.537 647605.405
-0.060 0.706 -0.519 647605.417
0.132 0.692 -0.395 647605.428
0.206 0.650 -0.314 647605.439
0.279 0.605 -0.199 647605.450
0.324 0.560 -0.086 647605.461
0.358 0.501 0.001 647605.473
0.390 0.424 0.061 647605.484
0.408 0.317 0.093 647605.495
0.404 0.245 0.118 647605.506
0.349 0.158 0.118 647605.517
0.337 0.131 0.088 647605.528
0.336 0.129 0.032 647605.540
0.362 0.138 -0.041 647605.551
0.348 0.136 -0.107 647605.562
0.318 0.136 -0.137 647605.573
0.280 0.150 -0.182 647605.584
0.231 0.171 -0.227 647605.596
0.139 0.219 -0.297 647605.607
0.112 0.243 -0.337 647605.618
0.095 0.274 -0.356 647605.629
0.081 0.305 -0.380 647605.640
0.065 0.334 -0.391 647605.651
0.056 0.359 -0.397 647605.663
0.045 0.378 -0.393 647605.674
0.047 0.397 -0.403 647605.685
0.063 0.437 -0.400 647605.696
0.079 0.456 -0.408 647605.707
0.088 0.466 -0.400 647605.719
0.094 0.477 -0.378 647605.730
0.101 0.480 -0.351 647605.741
0.109 0.469 -0.330 647605.752
0.129 0.442 -0.297 647605.763
0.143 0.428 -0.222 647605.775
0.193 0.407 -0.097 647605.786
0.224 0.408 -0.099 647605.797
0.251 0.424 -0.116 647605.808
0.287 0.453 -0.156 647605.819
0.331 0.477 -0.183 647605.831
0.384 0.497 -0.194 647605.842
0.423 0.523 -0.208 647605.853
0.445 0.562 -0.237 647605.864
0.418 0.609 -0.256 647605.875
0.403 0.634 -0.268 647605.886
0.419 0.705 -0.274 647605.898
0.442 0.763 -0.253 647605.909
0.468 0.836 -0.223 647605.920
0.497 0.845 -0.217 647605.931
0.537 0.895 -0.223 647605.942
0.570 0.928 -0.155 647605.954
0.533 0.919 -0.167 647605.965
0.547 0.897 -0.193 647605.976
0.547 0.866 -0.185 647605.987
0.544 0.856 -0.198 647605.998
0.572 0.808 -0.220 647606.010
0.626 0.694 -0.204 647606.021
0.688 0.609 -0.177 647606.032
0.733 0.642 -0.199 647606.043
0.517 0.539 -0.609 647606.054
0.156 0.484 -0.731 647606.065
-0.425 0.499 -0.800 647606.077
-0.874 0.478 -0.908 647606.088
-0.997 0.423 -1.008 647606.099
-0.912 0.339 -1.102 647606.110
-0.621 0.256 -1.184 647606.121
-0.343 0.193 -1.246 647606.133
-0.046 0.216 -1.288 647606.144
0.012 0.211 -1.309 647606.155
0.050 0.175 -1.325 647606.166
0.092 0.131 -1.288 647606.177
0.090 0.093 -1.204 647606.188
0.074 0.057 -1.065 647606.200
0.023 0.036 -0.912 647606.211
-0.055 0.038 -0.799 647606.222
-0.102 0.054 -0.725 647606.233
-0.156 0.090 -0.618 647606.244
-0.149 0.135 -0.548 647606.256
-0.110 0.172 -0.475 647606.267
-0.097 0.198 -0.407 647606.278
-0.081 0.225 -0.367 647606.289
-0.051 0.231 -0.333 647606.300
-0.012 0.244 -0.292 647606.312
0.017 0.259 -0.243 647606.323
0.080 0.271 -0.133 647606.334
0.101 0.284 -0.069 647606.345
0.115 0.296 -0.034 647606.356
0.108 0.308 -0.030 647606.368
0.108 0.321 -0.045 647606.379
0.114 0.320 -0.058 647606.390
0.092 0.320 -0.056 647606.401
0.050 0.312 -0.036 647606.412
0.104 0.269 -0.011 647606.423
0.127 0.261 -0.030 647606.435
0.175 0.258 -0.054 647606.446
0.213 0.270 -0.076 647606.457
0.240 0.271 -0.113 647606.468
0.238 0.257 -0.138 647606.479
0.224 0.240 -0.142 647606.491
0.229 0.232 -0.151 647606.502
0.221 0.208 -0.176 647606.513
0.172 0.227 -0.195 647606.524
0.143 0.262 -0.228 647606.535
0.134 0.300 -0.243 647606.547
0.132 0.347 -0.247 647606.558
0.099 0.387 -0.242 647606.569
0.079 0.424 -0.233 647606.580
0.055 0.464 -0.225 647606.591
0.047 0.566 -0.185 647606.602
0.030 0.605 -0.158 647606.614
0.020 0.644 -0.113 647606.625
0.016 0.661 -0.051 647606.636
0.012 0.666 0.050 647606.647
0.025 0.676 0.142 647606.658
0.053 0.671 0.217 647606.670
0.114 0.660 0.279 647606.681
0.279 0.658 0.447 647606.692
0.368 0.640 0.469 647606.703
0.457 0.608 0.460 647606.714
0.548 0.586 0.441 647606.726
0.661 0.575 0.400 647606.737
0.801 0.566 0.357 647606.748
0.956 0.572 0.328 647606.759
1.091 0.593 0.292 647606.770
1.059 0.571 0.239 647606.781
0.949 0.549 0.261 647606.793
0.824 0.569 0.270 647606.804
0.725 0.540 0.257 647606.815
0.655 0.549 0.204 647606.826
0.646 0.561 0.192 647606.837
0.693 0.577 0.142 647606.849
0.780 0.615 0.065 647606.860
0.877 0.704 -0.172 647606.871
0.326 0.639 0.079 647606.882
0.207 0.670 0.000 647606.893
0.100 0.733 -0.027 647606.905
-0.032 0.769 -0.025 647606.916
-0.092 0.763 -0.043 647606.927
-0.055 0.746 -0.113 647606.938
-0.215 0.672 -0.119 647606.949
-0.350 0.502 -0.320 647606.960
-0.447 0.379 -0.587 647606.972
-0.335 0.320 -0.719 647606.983
-0.136 0.167 -0.747 647606.994
-0.017 0.113 -0.820 647607.005
-0.064 0.118 -1.018 647607.016
-0.198 0.085 -1.296 647607.028
-0.286 0.025 -1.470 647607.039
-0.361 0.011 -1.536 647607.050
-0.430 0.022 -1.523 647607.061
-0.361 -0.048 -1.283 647607.072
-0.247 -0.040 -1.089 647607.084
-0.142 -0.016 -0.852 647607.095
-0.036 -0.004 -0.643 647607.106
-0.021 0.011 -0.572 647607.117
-0.034 0.049 -0.503 647607.128
-0.009 0.092 -0.490 647607.139
0.015 0.118 -0.450 647607.151
0.044 0.210 -0.313 647607.162
0.064 0.228 -0.344 647607.173
0.082 0.230 -0.397 647607.184
0.065 0.252 -0.402 647607.195
0.069 0.278 -0.362 647607.207
0.078 0.284 -0.299 647607.218
0.085 0.302 -0.232 647607.229
0.099 0.339 -0.175 647607.240
0.228 0.312 -0.113 647607.251
0.265 0.298 -0.161 647607.263
0.298 0.293 -0.180 647607.274
0.331 0.319 -0.194 647607.285
0.354 0.338 -0.227 647607.296
0.364 0.349 -0.247 647607.307
0.374 0.344 -0.229 647607.318
0.348 0.355 -0.222 647607.330
0.319 0.366 -0.227 647607.341
0.297 0.394 -0.222 647607.352
0.283 0.401 -0.258 647607.363
0.332 0.360 -0.294 647607.374
0.385 0.295 -0.330 647607.386
0.356 0.374 -0.386 647607.397
0.344 0.415 -0.416 647607.408
0.334 0.427 -0.437 647607.419
0.326 0.425 -0.469 647607.430
0.305 0.452 -0.473 647607.442
0.295 0.449 -0.478 647607.453
0.289 0.453 -0.504 647607.464
0.290 0.468 -0.528 647607.475
0.300 0.486 -0.553 647607.486
0.320 0.509 -0.598 647607.497
0.339 0.505 -0.658 647607.509
0.383 0.497 -0.719 647607.520
0.452 0.451 -0.794 647607.531
0.511 0.374 -0.807 647607.542
0.580 0.350 -0.815 647607.553
0.637 0.344 -0.827 647607.565
0.556 0.359 -0.760 647607.576
0.568 0.345 -0.767 647607.587
0.517 0.406 -0.762 647607.598
0.401 0.486 -0.715 647607.609
0.129 0.528 -0.573 647607.621
-0.497 0.412 -0.121 647607.632
-0.743 0.393 -0.040 647607.643
-0.796 0.257 -0.004 647607.654
-0.647 0.187 0.048 647607.665
-0.414 0.130 0.170 647607.676
-0.072 0.086 0.463 647607.688
0.182 0.079 0.848 647607.699
0.217 0.022 1.116 647607.710
-0.273 0.029 1.186 647607.721
-0.389 0.052 1.170 647607.732
-0.345 0.025 1.184 647607.744
-0.280 0.042 1.116 647607.755
-0.202 0.060 1.025 647607.766
-0.158 0.083 0.927 647607.777
-0.111 0.110 0.838 647607.788
-0.082 0.118 0.794 647607.800
-0.087 0.127 0.656 647607.811
-0.079 0.126 0.582 647607.822
-0.057 0.150 0.535 647607.833
-0.046 0.141 0.462 647607.844
-0.042 0.156 0.341 647607.855
-0.044 0.188 0.248 647607.867
-0.017 0.182 0.202 647607.878
0.010 0.185 0.131 647607.889
0.021 0.233 -0.030 647607.900
0.073 0.150 -0.013 647607.911
0.103 0.172 0.009 647607.923
0.030 0.188 0.022 647607.934
0.066 0.238 -0.001 647607.945
0.085 0.135 0.003 647607.956
0.072 0.210 -0.032 647607.967
0.121 0.189 -0.055 647607.979
0.172 0.175 -0.100 647607.990
0.184 0.151 -0.108 647608.001
0.165 0.169 -0.086 647608.012
0.163 0.175 -0.050 647608.023
0.143 0.183 -0.037 647608.034
0.238 0.029 0.129 647608.046
0.077 0.287 -0.027 647608.057
0.069 0.187 -0.046 647608.068
0.141 0.140 0.017 647608.079
0.132 0.166 0.005 647608.090
0.123 0.175 0.021 647608.102
0.108 0.212 -0.002 647608.113
0.111 0.202 -0.032 647608.124
0.095 0.197 0.011 647608.135
0.095 0.247 0.040 647608.146
0.120 0.226 0.015 647608.158
0.138 0.221 -0.049 647608.169
0.100 0.229 -0.038 647608.180
0.089 0.247 0.013 647608.191
0.099 0.273 0.068 647608.202
0.110 0.260 0.086 647608.213
0.102 0.272 0.140 647608.225
0.062 0.302 0.204 647608.236
0.028 0.317 0.240 647608.247
-0.017 0.438 0.165 647608.258
0.002 0.423 0.164 647608.269
0.016 0.457 0.185 647608.281
0.015 0.477 0.225 647608.292
0.034 0.504 0.286 647608.303
0.055 0.520 0.342 647608.314
0.050 0.540 0.411 647608.325
0.047 0.557 0.429 647608.337
0.118 0.583 0.333 647608.348
0.170 0.586 0.296 647608.359
0.151 0.558 0.251 647608.370
0.104 0.534 0.190 647608.381
-0.014 0.543 0.101 647608.392
-0.132 0.582 -0.119 647608.404
-0.219 0.608 -0.506 647608.415
-0.290 0.602 -1.059 647608.426
-0.411 0.439 -2.037 647608.437
-0.428 0.361 -2.190 647608.448
-0.422 0.346 -2.129 647608.460
-0.410 0.334 -1.916 647608.471
-0.383 0.276 -1.630 647608.482
-0.323 0.287 -1.293 647608.493
-0.260 0.326 -0.941 647608.504
-0.174 0.291 -0.694 647608.516
-0.066 0.263 -0.433 647608.527
-0.017 0.241 -0.344 647608.538
-0.006 0.214 -0.323 647608.549
-0.003 0.202 -0.327 647608.560
-0.006 0.238 -0.344 647608.571
-0.043 0.381 -0.326 647608.583
-0.064 0.471 -0.244 647608.594
-0.069 0.509 -0.139 647608.605
-0.059 0.508 0.112 647608.616
-0.040 0.503 0.187 647608.627
-0.016 0.472 0.228 647608.639
0.012 0.419 0.230 647608.650
0.012 0.375 0.182 647608.661
0.038 0.335 0.142 647608.672
0.074 0.314 0.090 647608.683
0.092 0.290 0.045 647608.695
0.102 0.233 -0.063 647608.706
0.121 0.238 -0.127 647608.717
0.131 0.244 -0.166 647608.728
0.124 0.224 -0.186 647608.739
0.140 0.200 -0.175 647608.750
0.160 0.182 -0.140 647608.762
0.157 0.181 -0.110 647608.773
0.142 0.174 -0.088 647608.784
0.120 0.164 -0.046 647608.795
0.121 0.174 -0.071 647608.806
0.095 0.167 -0.088 647608.818
0.086 0.164 -0.126 647608.829
0.083 0.171 -0.160 647608.840
0.084 0.181 -0.188 647608.851
0.104 0.204 -0.222 647608.862
0.128 0.221 -0.227 647608.874
0.142 0.223 -0.244 647608.885
0.152 0.239 -0.251 647608.896
0.142 0.279 -0.246 647608.907
0.156 0.318 -0.288 647608.918
0.159 0.340 -0.323 647608.929
0.184 0.371 -0.374 647608.941
0.229 0.398 -0.404 647608.952
0.290 0.418 -0.411 647608.963
0.332 0.411 -0.419 647608.974
0.378 0.413 -0.438 647608.985
0.493 0.412 -0.437 647608.997
0.547 0.361 -0.514 647609.008
0.614 0.327 -0.571 647609.019
0.633 0.337 -0.640 647609.030
0.652 0.352 -0.740 647609.041
0.631 0.326 -0.786 647609.053
0.515 0.335 -0.841 647609.064
0.336 0.375 -0.887 647609.075
-0.170 0.551 -0.754 647609.086
-0.457 0.577 -0.643 647609.097
-0.665 0.502 -0.475 647609.108
-0.742 0.436 -0.267 647609.120
-0.661 0.438 -0.043 647609.131
-0.512 0.373 0.206 647609.142
-0.194 0.322 0.578 647609.153
0.037 0.375 1.105 647609.164
0.001 0.265 2.136 647609.176
-0.140 0.367 2.320 647609.187
-0.220 0.347 2.111 647609.198
-0.205 0.296 1.705 647609.209
-0.148 0.269 1.282 647609.220
-0.081 0.234 0.952 647609.232
-0.007 0.208 0.748 647609.243
0.058 0.205 0.618 647609.254
0.059 0.187 0.529 647609.265
-0.021 0.155 0.507 647609.276
-0.104 0.130 0.466 647609.287
-0.148 0.131 0.402 647609.299
-0.133 0.145 0.351 647609.310
-0.105 0.180 0.308 647609.321
-0.098 0.222 0.239 647609.332
-0.062 0.235 0.147 647609.343
-0.019 0.185 0.029 647609.355
0.026 0.186 0.035 647609.366
0.071 0.203 0.069 647609.377
0.076 0.228 0.097 647609.388
0.072 0.246 0.091 647609.399
0.075 0.252 0.064 647609.411
0.056 0.266 0.044 647609.422
0.065 0.283 0.066 647609.433
0.094 0.315 0.081 647609.444
0.132 0.312 0.042 647609.455
0.206 0.247 -0.069 647609.467
0.212 0.253 -0.071 647609.478
0.207 0.258 -0.057 647609.489
0.196 0.263 -0.029 647609.500
0.166 0.278 -0.008 647609.511
0.155 0.285 -0.019 647609.522
0.142 0.296 -0.049 647609.534
0.145 0.299 -0.060 647609.545
0.175 0.261 -0.136 647609.556
0.155 0.243 -0.165 647609.567
0.148 0.205 -0.188 647609.578
0.158 0.190 -0.188 647609.590
0.172 0.194 -0.180 647609.601
0.167 0.184 -0.167 647609.612
0.160 0.210 -0.165 647609.623
0.180 0.154 -0.166 647609.634
0.194 0.163 -0.206 647609.645
0.192 0.181 -0.199 647609.657
0.172 0.210 -0.208 647609.668
0.170 0.203 -0.196 647609.679
0.176 0.204 -0.155 647609.690
0.211 0.233 -0.091 647609.701
0.264 0.234 -0.037 647609.713
0.318 0.237 -0.001 647609.724
0.393 0.266 0.013 647609.735
0.413 0.269 0.016 647609.746
0.422 0.277 0.042 647609.757
0.413 0.276 0.076 647609.769
0.439 0.276 0.146 647609.780
0.463 0.266 0.256 647609.791
0.515 0.239 0.390 647609.802
0.581 0.196 0.535 647609.813
